#0,79
@1079733013,1079733013,2162066001,2162066001,0,65535,1221,1221,6,6,0
@1079732992,1079732992,2327357940,2327357940,0,65535,4646,4646,6,6,1
@1079733001,1079733001,4050935426,4050935426,0,65535,1521,1521,6,6,2
@1079733001,1079733001,4148929694,4148929694,0,65535,1433,1433,6,6,3
@1079733034,1079733034,4149111919,4149111919,0,65535,1550,1550,6,6,4
@1079733026,1079733026,445243527,445243527,0,65535,1708,1708,6,6,5
@1079733027,1079733027,4225952233,4225952233,0,65535,5632,5632,6,6,6
@1079733047,1079733047,4225952233,4225952233,0,65535,1521,1521,6,6,7
@1079733049,1079733049,4225952233,4225952233,0,65535,1521,1521,6,6,8
@1079733010,1079733010,2771411638,2771411638,0,65535,1724,1724,6,6,9
@1079733010,1079733010,2721346143,2721346143,0,65535,5631,5631,6,6,10
@1079733010,1079733010,2449824988,2449824988,0,65535,1489,1489,6,6,11
@1079733010,1079733010,2439457665,2439457665,0,65535,32201,32201,6,6,12
@1079733010,1079733010,1192380500,1192380500,0,65535,1550,1550,6,6,13
@1079733013,1079733013,2160472008,2160472008,0,65535,1521,1521,6,6,14
@1079733013,1079733013,2160472008,2160472008,0,65535,1601,1601,6,6,15
@1079733013,1079733013,2160471391,2160471391,0,65535,1711,1711,6,6,16
@1079733013,1079733013,2386077557,2386077557,0,65535,55444,55444,6,6,17
@1079733013,1079733013,2386102706,2386102706,0,65535,1712,1712,6,6,18
@1079733013,1079733013,1447794593,1447794593,0,65535,1521,1521,6,6,19
@1079732996,1079732996,2282398864,2282398864,0,65535,6790,6790,6,6,20
@1079732999,1079732999,2285384166,2285384166,0,65535,1705,1705,6,6,21
@1079732994,1079732994,2321776942,2321776942,0,65535,135,135,6,6,22
@1079732994,1079732994,2331331592,2331331592,0,65535,1221,1221,6,6,23
@1079732992,1079732992,2326734440,2326734440,0,65535,5631,5631,6,6,24
@1079733007,1079733007,2326590059,2326590059,0,65535,1521,1521,6,6,25
@1079733007,1079733007,440207506,440207506,0,65535,1489,1489,6,6,26
@1079733006,1079733006,3826578040,3826578040,0,65535,6000,6000,6,6,27
@1079733006,1079733006,3827200703,3827200703,0,65535,19856,19856,6,6,28
@1079733006,1079733006,3870530424,3870530424,0,65535,1521,1521,6,6,29
@1079733001,1079733001,4027065198,4027065198,0,65535,5632,5632,6,6,30
@1079733001,1079733001,4148706027,4148706027,0,65535,1708,1708,6,6,31
@1079733001,1079733001,1079733565,1079733565,0,65535,2115,2115,6,6,32
@1079733001,1079733001,445243904,445243904,0,65535,1526,1526,6,6,33
@1079733037,1079733037,4148929708,4148929708,0,65535,1521,1521,6,6,34
@1079733035,1079733035,1278573744,1278573744,0,65535,6890,6890,6,6,35
@1079733032,1079733032,4149111914,4149111914,0,65535,1724,1724,6,6,36
@1079733032,1079733032,1222625260,1222625260,0,65535,1521,1521,17,17,37
@1079733026,1079733026,453903532,453903532,0,65535,1521,1521,6,6,38
@1079733026,1079733026,4149111914,4149111914,0,65535,21,21,6,6,39
@1079733026,1079733026,4225952233,4225952233,0,65535,1521,1521,17,17,40
@1079733027,1079733027,4225952233,4225952233,0,65535,1707,1707,6,6,41
@1079733027,1079733027,1079733565,1079733565,0,65535,1704,1704,6,6,42
@1079733027,1079733027,4225952233,4225952233,0,65535,1733,1733,6,6,43
@1079733041,1079733041,453903532,453903532,0,65535,6789,6789,6,6,44
@1079733040,1079733040,4225952233,4225952233,0,65535,1717,1717,6,6,45
@1079733045,1079733045,4225952233,4225952233,0,65535,1724,1724,6,6,46
@1079733044,1079733044,4225952233,4225952233,0,65535,1733,1733,6,6,47
@1079733049,1079733049,4225952233,4225952233,0,65535,1734,1734,6,6,48
@1079733052,1079733052,4225952233,4225952233,0,65535,30804,30804,6,6,49
@1079733054,1079733054,4225952233,4225952233,0,65535,1601,1601,6,6,50
@1079733054,1079733054,4225952233,4225952233,0,65535,2121,2121,6,6,51
@1079733054,1079733054,453496173,453496173,0,65535,1521,1521,6,6,52
@1079733050,1079733050,4225952234,4225952235,0,65535,19856,19856,6,6,53
@1079733037,1079733037,4149112341,4149112341,0,65535,62700,62709,6,6,55
@1079733026,1079733026,4225952233,4225952233,0,65535,62600,62609,6,6,56
@1079733052,1079733052,4225952233,4225952233,0,65535,62600,62609,6,6,57
@1079733013,1079733013,2161725716,2161725716,0,65535,1700,1750,6,6,58
@1079733051,1079733051,4225952233,4225952233,0,65535,1300,1350,6,6,59
@1079733053,1079733053,4225952233,4225952233,0,65535,1700,1750,6,6,60
@1079733010,1079733010,2564381696,2564382719,0,65535,1724,1724,6,6,61
@1079732996,1079732999,2285891584,2285892607,0,65535,1521,1521,6,6,63
@1079732996,1079732996,297249005,297249005,0,65535,0,65535,6,6,64
@1079733001,1079733001,3868195096,3868195096,0,65535,0,65535,6,6,65
@1079733047,1079733047,453496173,453496173,0,65535,0,65535,6,6,66
@2330274961,2330274961,341664033,341664033,0,65535,0,65535,6,6,69
@1079733007,1079733007,3991566575,3991566575,0,65535,0,65535,6,6,70
@1079733041,1079733041,4225952233,4225952233,0,65535,0,65535,6,6,72
@1079733048,1079733048,4225952233,4225952233,0,65535,0,65535,6,6,74
@1112575339,1112575339,3062046464,3062046719,0,65535,0,65535,6,6,76
@1079733037,1079733037,4149111919,4149111919,0,65535,0,65535,0,255,79
@1079733050,1079733050,4225952233,4225952233,0,65535,0,65535,0,255,81
@1079732736,1079733247,271373235,271373235,0,65535,0,65535,6,6,83
@1079732736,1079733247,4149112596,4149112596,0,65535,0,65535,6,6,84
@1079732736,1079733247,3950545524,3950545525,0,65535,0,65535,6,6,86
@1079733001,1079733001,3868193792,3868194047,0,65535,0,65535,0,255,88
@1079732736,1079733247,2825388032,2825453567,0,65535,0,65535,6,6,93
@1079732736,1079733247,1260584960,1260650495,0,65535,0,65535,0,255,95
@0,4294967295,0,4294967295,0,65535,0,65535,0,255,98
#1,11
@1079733050,1079733050,1079733248,1079734271,0,65535,1734,1734,6,6,62
@1079733054,1079733054,4225952233,4225952233,0,65535,0,65535,6,6,67
@1079733027,1079733027,4225952233,4225952233,0,65535,5001,65535,6,6,68
@1079733045,1079733045,4225952233,4225952233,0,65535,0,65535,6,6,73
@1079733037,1079733037,4149112320,4149112575,0,65535,0,65535,6,6,77
@1079733027,1079733027,4225952000,4225952255,0,65535,0,65535,1,1,78
@1079733051,1079733051,4225952233,4225952233,0,65535,0,65535,0,255,80
@1079733053,1079733053,453496064,453496319,0,65535,0,65535,0,255,90
@1079733052,1079733052,4225952000,4225952255,0,65535,0,65535,0,255,91
@1079733040,1079733040,4225951744,4225952767,0,65535,0,65535,0,255,92
@0,4294967295,0,4294967295,0,65535,0,65535,0,255,98
#2,8
@1079733027,1079733027,4225952233,4225952233,0,65535,0,65535,6,6,71
@1079733040,1079733041,4225952233,4225952233,0,65535,0,65535,6,6,75
@1079733054,1079733054,4225952233,4225952233,0,65535,0,65535,0,255,82
@1079732736,1079733247,1079733565,1079733565,0,65535,0,65535,6,6,85
@1079732736,1079733247,4225952234,4225952235,0,65535,0,65535,6,6,87
@1079732736,1079733247,4148690944,4148756479,0,65535,0,65535,6,6,94
@1079732736,1079733247,2281701376,2348810239,0,65535,0,65535,0,255,97
@0,4294967295,0,4294967295,0,65535,0,65535,0,255,98
#3,3
@1079733054,1079733055,4225952233,4225952233,0,65535,80,80,6,6,54
@1079733027,1079733027,4225952000,4225952255,0,65535,0,65535,0,255,89
@0,4294967295,0,4294967295,0,65535,0,65535,0,255,98
#4,2
@1079732736,1079733247,4026531840,4294967295,0,65535,0,65535,6,6,96
@0,4294967295,0,4294967295,0,65535,0,65535,0,255,98
