#0,735
@2941081755,2941081755,2003476198,2003476198,0,65535,6888,6888,6,6,0
@2941081735,2941081735,1901340440,1901340440,0,65535,1526,1526,6,6,1
@2941081739,2941081739,1901346726,1901346726,0,65535,1708,1708,6,6,2
@2941081772,2941081772,1901346726,1901346726,0,65535,1708,1708,6,6,3
@2941081769,2941081769,1096177347,1096177347,0,65535,1717,1717,6,6,4
@2941081848,2941081848,3281796454,3281796454,0,65535,1489,1489,6,6,5
@2941081854,2941081854,3281796454,3281796454,0,65535,1708,1708,6,6,6
@2941081854,2941081854,549898167,549898167,0,65535,443,443,6,6,7
@2941081854,2941081854,3281796542,3281796542,0,65535,30211,30211,6,6,8
@2941081854,2941081854,549898167,549898167,0,65535,1711,1711,6,6,9
@2941081854,2941081854,3281796542,3281796542,0,65535,1221,1221,6,6,10
@2941081854,2941081854,549805413,549805413,0,65535,6790,6790,6,6,11
@2941081854,2941081854,549805342,549805342,0,65535,65500,65500,6,6,12
@2941081689,2941081689,549805342,549805342,0,65535,443,443,6,6,13
@2941081691,2941081691,549805342,549805342,0,65535,1352,1352,6,6,14
@2941081675,2941081675,614918752,614918752,0,65535,1221,1221,6,6,15
@2941081666,2941081666,614918752,614918752,0,65535,1526,1526,6,6,16
@2941081726,2941081726,614894783,614894783,0,65535,14753,14753,6,6,17
@2941081721,2941081721,614894781,614894781,0,65535,1704,1704,6,6,18
@2941081721,2941081721,614894781,614894781,0,65535,1489,1489,6,6,19
@2941081705,2941081705,614894781,614894781,0,65535,6000,6000,6,6,20
@2941081618,2941081618,615444361,615444361,0,65535,6000,6000,6,6,21
@2941081626,2941081626,615444446,615444446,0,65535,1521,1521,6,6,22
@2941081606,2941081606,615444446,615444446,0,65535,1704,1704,6,6,23
@2941081604,2941081604,615444446,615444446,0,65535,1708,1708,6,6,24
@2941081604,2941081604,615444446,615444446,0,65535,1540,1540,6,6,25
@2941081604,2941081604,652751015,652751015,0,65535,1521,1521,6,6,26
@2941081613,2941081613,652751015,652751015,0,65535,1521,1521,6,6,27
@2941081613,2941081613,652751015,652751015,0,65535,6790,6790,6,6,28
@2941081613,2941081613,652751015,652751015,0,65535,1724,1724,6,6,29
@2941081644,2941081644,652750885,652750885,0,65535,1705,1705,6,6,30
@2941081645,2941081645,652750884,652750884,0,65535,1525,1525,6,6,31
@2941081645,2941081645,652750884,652750884,0,65535,6789,6789,6,6,32
@2941081642,2941081642,652750884,652750884,0,65535,1490,1490,6,6,33
@2941081642,2941081642,652750884,652750884,0,65535,1708,1708,6,6,34
@2941081634,2941081634,670231705,670231705,0,65535,27000,27000,6,6,35
@2941081634,2941081634,670231705,670231705,0,65535,1526,1526,6,6,36
@2941081634,2941081634,670046949,670046949,0,65535,1521,1521,6,6,37
@2941081634,2941081634,670046949,670046949,0,65535,1724,1724,6,6,38
@2941081634,2941081634,670046949,670046949,0,65535,1489,1489,6,6,39
@1600753441,1600753441,2429664155,2429664155,0,65535,27400,27400,6,6,40
@1600753441,1600753441,2652154859,2652154859,0,65535,1433,1433,6,6,41
@1600753443,1600753443,2671220572,2671220572,0,65535,5541,5541,6,6,42
@1600753446,1600753446,2720398476,2720398476,0,65535,20,20,6,6,43
@1600753446,1600753446,2840304993,2840304993,0,65535,19856,19856,6,6,44
@1600753446,1600753446,670046949,670046949,0,65535,1704,1704,6,6,45
@1600753446,1600753446,1524763898,1524763898,0,65535,20,20,6,6,46
@1600753467,1600753467,2947977230,2947977230,0,65535,1521,1521,6,6,47
@1600753467,1600753467,2947977230,2947977230,0,65535,1433,1433,6,6,48
@1600753464,1600753464,2941601013,2941601013,0,65535,1521,1521,6,6,49
@1600753464,1600753464,670046949,670046949,0,65535,1490,1490,6,6,50
@1600753464,1600753464,670046949,670046949,0,65535,1433,1433,6,6,51
@1600753458,1600753458,2941071933,2941071933,0,65535,6000,6000,6,6,52
@1600753458,1600753458,1279311071,1279311071,0,65535,1221,1221,6,6,53
@1600753458,1600753458,2941082912,2941082912,0,65535,1708,1708,6,6,54
@1600753459,1600753459,3423460022,3423460022,0,65535,1711,1711,6,6,55
@1600753459,1600753459,3423493419,3423493419,0,65535,1521,1521,6,6,56
@1600753459,1600753459,3423493419,3423493419,0,65535,5632,5632,6,6,57
@1600753459,1600753459,670046949,670046949,0,65535,1521,1521,6,6,58
@1600753459,1600753459,3423493328,3423493328,0,65535,1706,1706,6,6,59
@1600753459,1600753459,3423476519,3423476519,0,65535,1433,1433,6,6,60
@1600753437,1600753437,3423476519,3423476519,0,65535,2110,2110,6,6,61
@1600753437,1600753437,3423476518,3423476518,0,65535,1526,1526,6,6,62
@1600753437,1600753437,3423476518,3423476518,0,65535,1221,1221,6,6,63
@1600753436,1600753436,3423476518,3423476518,0,65535,1734,1734,6,6,64
@1600753436,1600753436,3423476518,3423476518,0,65535,1711,1711,6,6,65
@1600753436,1600753436,3423476518,3423476518,0,65535,1526,1526,6,6,66
@1600753436,1600753436,3423476518,3423476518,0,65535,1733,1733,6,6,67
@1600753436,1600753436,3423476518,3423476518,0,65535,1521,1521,6,6,68
@1600753432,1600753432,670046949,670046949,0,65535,1717,1717,6,6,69
@1600753432,1600753432,3238454226,3238454226,0,65535,20,20,6,6,70
@1600753432,1600753432,3238307047,3238307047,0,65535,6000,6000,6,6,71
@1600753434,1600753434,670046949,670046949,0,65535,27000,27000,6,6,72
@1600753434,1600753434,670046949,670046949,0,65535,1526,1526,6,6,73
@1600753434,1600753434,3235701553,3235701553,0,65535,14753,14753,6,6,74
@1600753434,1600753434,3233866567,3233866567,0,65535,1221,1221,6,6,75
@1600753434,1600753434,3234855437,3234855437,0,65535,1526,1526,6,6,76
@1600753414,1600753414,3234745476,3234745476,0,65535,1526,1526,6,6,77
@1600753414,1600753414,670046949,670046949,0,65535,1706,1706,6,6,78
@1600753414,1600753414,3234492322,3234492322,0,65535,1489,1489,6,6,79
@1600753414,1600753414,3254912566,3254912566,0,65535,1712,1712,6,6,80
@1600753409,1600753409,3255248743,3255248743,0,65535,1221,1221,6,6,81
@1600753409,1600753409,3255248743,3255248743,0,65535,20,20,6,6,82
@1600753409,1600753409,3270802107,3270802107,0,65535,2026,2026,6,6,83
@1600753409,1600753409,3270796391,3270796391,0,65535,5555,5555,6,6,84
@1600753409,1600753409,3270796391,3270796391,0,65535,20,20,6,6,85
@1600753409,1600753409,670046949,670046949,0,65535,3745,3745,6,6,86
@1600753409,1600753409,3270796391,3270796391,0,65535,1433,1433,6,6,87
@1600753409,1600753409,3271393328,3271393328,0,65535,1734,1734,6,6,88
@1600753418,1600753418,3271393328,3271393328,0,65535,1526,1526,6,6,89
@1600753418,1600753418,3271331457,3271331457,0,65535,1521,1521,6,6,90
@1600753418,1600753418,3271331457,3271331457,0,65535,1705,1705,6,6,91
@1600753418,1600753418,3271331459,3271331459,0,65535,1706,1706,6,6,92
@1600753418,1600753418,3278846765,3278846765,0,65535,1521,1521,6,6,93
@1600753421,1600753421,3278846765,3278846765,0,65535,1526,1526,6,6,94
@1600753421,1600753421,3283012403,3283012403,0,65535,2308,2308,6,6,95
@1600753421,1600753421,3282819010,3282819010,0,65535,1521,1521,6,6,96
@1600753421,1600753421,3282819010,3282819010,0,65535,32200,32200,6,6,97
@1600753421,1600753421,3281732759,3281732759,0,65535,1490,1490,6,6,98
@1600753421,1600753421,1475017951,1475017951,0,65535,1221,1221,6,6,99
@1600753421,1600753421,3281796463,3281796463,0,65535,1711,1711,6,6,100
@1600753421,1600753421,3281796454,3281796454,0,65535,6789,6789,6,6,101
@2941081755,2941081755,2109626830,2109626830,0,65535,1521,1521,6,6,102
@2941081758,2941081758,1996946910,1996946910,0,65535,1525,1525,6,6,103
@2941081759,2941081759,1985245448,1985245448,0,65535,1526,1526,6,6,104
@2941081757,2941081757,3281796454,3281796454,0,65535,1600,1600,6,6,105
@2941081743,2941081743,1901338756,1901338756,0,65535,1521,1521,6,6,106
@2941081740,2941081740,1901346726,1901346726,0,65535,19856,19856,6,6,107
@2941081772,2941081772,1901346726,1901346726,0,65535,2121,2121,6,6,108
@2941081769,2941081769,1901346726,1901346726,0,65535,1521,1521,6,6,109
@2941081769,2941081769,1353983757,1353983757,0,65535,1221,1221,6,6,110
@2941081769,2941081769,1354015252,1354015252,0,65535,5631,5631,6,6,111
@2941081769,2941081769,1425963317,1425963317,0,65535,1712,1712,6,6,112
@2941081769,2941081769,1424884757,1424884757,0,65535,6789,6789,6,6,113
@2941081769,2941081769,1424884756,1424884756,0,65535,5540,5540,6,6,114
@2941081848,2941081848,1475209822,1475209822,0,65535,1705,1705,6,6,115
@2941081848,2941081848,3211750584,3211750584,0,65535,1521,1521,6,6,116
@2941081848,2941081848,1475209813,1475209813,0,65535,1521,1521,6,6,117
@2941081848,2941081848,1474914200,1474914200,0,65535,1521,1521,6,6,118
@2941081848,2941081848,1521444067,1521444067,0,65535,1712,1712,6,6,119
@2941081848,2941081848,1525145405,1525145405,0,65535,6000,6000,6,6,120
@2941081848,2941081848,1609011580,1609011580,0,65535,5632,5632,6,6,121
@2941081848,2941081848,1608936805,1608936805,0,65535,5632,5632,6,6,122
@2941081848,2941081848,1608936805,1608936805,0,65535,1526,1526,6,6,123
@2941081848,2941081848,1608936800,1608936800,0,65535,1433,1433,6,6,124
@2941081848,2941081848,1608936800,1608936800,0,65535,5555,5555,6,6,125
@2941081848,2941081848,1597572485,1597572485,0,65535,1708,1708,6,6,126
@2941081848,2941081848,1597748139,1597748139,0,65535,5631,5631,6,6,127
@2941081848,2941081848,1600752121,1600752121,0,65535,1712,1712,6,6,128
@2941081848,2941081848,1600752121,1600752121,0,65535,1734,1734,6,6,129
@2941081854,2941081854,1600752121,1600752121,0,65535,1705,1705,6,6,130
@2941081854,2941081854,1600752121,1600752121,0,65535,2110,2110,6,6,131
@2941081854,2941081854,1600752121,1600752121,0,65535,1521,1521,6,6,132
@2941081854,2941081854,549898166,549898166,0,65535,1489,1489,6,6,133
@2941081854,2941081854,549898166,549898166,0,65535,1734,1734,6,6,134
@2941081854,2941081854,549898166,549898166,0,65535,5555,5555,6,6,135
@2941081854,2941081854,549898166,549898166,0,65535,1521,1521,6,6,136
@2941081854,2941081854,549898167,549898167,0,65535,30211,30211,6,6,137
@2941081854,2941081854,3281796454,3281796454,0,65535,1521,1521,6,6,138
@2941081854,2941081854,549898167,549898167,0,65535,2115,2115,6,6,139
@2941081854,2941081854,549805413,549805413,0,65535,19856,19856,6,6,140
@2941081854,2941081854,549805413,549805413,0,65535,1521,1521,6,6,141
@2941081854,2941081854,3281796542,3281796542,0,65535,5631,5631,6,6,142
@2941081854,2941081854,549805413,549805413,0,65535,1704,1704,6,6,143
@2941081854,2941081854,2941082912,2941082912,0,65535,1526,1526,6,6,144
@2941081854,2941081854,549805413,549805413,0,65535,1433,1433,6,6,145
@2941081854,2941081854,2941082912,2941082912,0,65535,1521,1521,6,6,146
@2941081854,2941081854,549805317,549805317,0,65535,30804,30804,6,6,147
@2941081854,2941081854,549805317,549805317,0,65535,14753,14753,6,6,148
@2941081854,2941081854,549805317,549805317,0,65535,1521,1521,6,6,149
@2941081854,2941081854,549805317,549805317,0,65535,5555,5555,6,6,150
@2941081854,2941081854,549805342,549805342,0,65535,1705,1705,6,6,151
@2941081854,2941081854,549805342,549805342,0,65535,5541,5541,6,6,152
@2941081854,2941081854,549805342,549805342,0,65535,2051,2051,6,6,153
@2941081689,2941081689,549805342,549805342,0,65535,5540,5540,6,6,154
@2941081680,2941081680,549805342,549805342,0,65535,1521,1521,6,6,155
@2941081686,2941081686,614918755,614918755,0,65535,1521,1521,6,6,156
@2941081686,2941081686,614918755,614918755,0,65535,21,21,6,6,157
@2941081673,2941081673,614918754,614918754,0,65535,5555,5555,6,6,158
@2941081675,2941081675,2941082912,2941082912,0,65535,1521,1521,6,6,159
@2941081664,2941081664,3281796542,3281796542,0,65535,1712,1712,6,6,160
@2941081664,2941081664,614894783,614894783,0,65535,1724,1724,6,6,161
@2941081726,2941081726,3281796542,3281796542,0,65535,21,21,6,6,162
@2941081726,2941081726,614894783,614894783,0,65535,1707,1707,6,6,163
@2941081722,2941081722,614894781,614894781,0,65535,5631,5631,6,6,164
@2941081722,2941081722,614894781,614894781,0,65535,1490,1490,17,17,165
@2941081722,2941081722,3281796542,3281796542,0,65535,1521,1521,6,6,166
@2941081704,2941081704,614894781,614894781,0,65535,1526,1526,6,6,167
@2941081705,2941081705,615263428,615263428,0,65535,1521,1521,6,6,168
@2941081698,2941081698,615263428,615263428,0,65535,1706,1706,6,6,169
@2941081699,2941081699,615263428,615263428,0,65535,5555,5555,6,6,170
@2941081703,2941081703,615263435,615263435,0,65535,1526,1526,6,6,171
@2941081703,2941081703,615263435,615263435,0,65535,1706,1706,6,6,172
@2941081703,2941081703,615263437,615263437,0,65535,1521,1521,6,6,173
@2941081703,2941081703,615263437,615263437,0,65535,1715,1715,6,6,174
@2941081623,2941081623,615263437,615263437,0,65535,1521,1521,6,6,175
@2941081620,2941081620,615263437,615263437,0,65535,1526,1526,6,6,176
@2941081618,2941081618,2941082912,2941082912,0,65535,1711,1711,6,6,177
@2941081618,2941081618,3281796542,3281796542,0,65535,5540,5540,6,6,178
@2941081631,2941081631,615444361,615444361,0,65535,1540,1540,6,6,179
@2941081628,2941081628,615444361,615444361,0,65535,19856,19856,6,6,180
@2941081626,2941081626,615444446,615444446,0,65535,5555,5555,6,6,181
@2941081624,2941081624,615444446,615444446,0,65535,1526,1526,6,6,182
@2941081624,2941081624,615444446,615444446,0,65535,1706,1706,6,6,183
@2941081624,2941081624,3281796542,3281796542,0,65535,20,20,6,6,184
@2941081603,2941081603,615444446,615444446,0,65535,1521,1521,6,6,185
@2941081600,2941081600,615444446,615444446,0,65535,1521,1521,6,6,186
@2941081601,2941081601,615444446,615444446,0,65535,20,20,6,6,187
@2941081606,2941081606,615444446,615444446,0,65535,1521,1521,6,6,188
@2941081611,2941081611,652751015,652751015,0,65535,1526,1526,6,6,189
@2941081611,2941081611,652751015,652751015,0,65535,20,20,6,6,190
@2941081611,2941081611,652751015,652751015,0,65535,1521,1521,6,6,191
@2941081609,2941081609,3281796542,3281796542,0,65535,1221,1221,6,6,192
@2941081609,2941081609,652751015,652751015,0,65535,7205,7205,6,6,193
@2941081609,2941081609,652751015,652751015,0,65535,1704,1704,6,6,194
@2941081609,2941081609,652751015,652751015,0,65535,1712,1712,6,6,195
@2941081609,2941081609,2941082912,2941082912,0,65535,1526,1526,6,6,196
@2941081613,2941081613,652751015,652751015,0,65535,6000,6000,6,6,197
@2941081613,2941081613,2941082912,2941082912,0,65535,1433,1433,6,6,198
@2941081613,2941081613,2941082912,2941082912,0,65535,6789,6789,6,6,199
@2941081613,2941081613,652751015,652751015,0,65535,1433,1433,6,6,200
@2941081613,2941081613,3281796542,3281796542,0,65535,1733,1733,6,6,201
@2941081613,2941081613,652751015,652751015,0,65535,1708,1708,6,6,202
@2941081613,2941081613,652751015,652751015,0,65535,1706,1706,6,6,203
@2941081613,2941081613,652751015,652751015,0,65535,135,135,6,6,204
@2941081647,2941081647,652750885,652750885,0,65535,1490,1490,6,6,205
@2941081647,2941081647,652750885,652750885,0,65535,1705,1705,6,6,206
@2941081647,2941081647,652750885,652750885,0,65535,1708,1708,6,6,207
@2941081647,2941081647,652750885,652750885,0,65535,1521,1521,6,6,208
@2941081644,2941081644,652750885,652750885,0,65535,1521,1521,6,6,209
@2941081644,2941081644,652750885,652750885,0,65535,1715,1715,6,6,210
@2941081645,2941081645,652750884,652750884,0,65535,1521,1521,6,6,211
@2941081645,2941081645,652750884,652750884,0,65535,27000,27000,6,6,212
@2941081640,2941081640,652750884,652750884,0,65535,27400,27400,6,6,213
@2941081641,2941081641,652750884,652750884,0,65535,1708,1708,6,6,214
@2941081641,2941081641,652750884,652750884,0,65535,2110,2110,6,6,215
@2941081641,2941081641,652750884,652750884,0,65535,1526,1526,6,6,216
@2941081642,2941081642,652750884,652750884,0,65535,1521,1521,6,6,217
@2941081642,2941081642,652750884,652750884,0,65535,1717,1717,6,6,218
@2941081642,2941081642,652750884,652750884,0,65535,5541,5541,6,6,219
@2941081642,2941081642,652750884,652750884,0,65535,1221,1221,6,6,220
@2941081642,2941081642,652750884,652750884,0,65535,14753,14753,6,6,221
@2941081642,2941081642,670231706,670231706,0,65535,1724,1724,6,6,222
@2941081642,2941081642,670231706,670231706,0,65535,1715,1715,6,6,223
@2941081638,2941081638,670231706,670231706,0,65535,1525,1525,6,6,224
@2941081638,2941081638,670231706,670231706,0,65535,5541,5541,6,6,225
@2941081638,2941081638,670231706,670231706,0,65535,1705,1705,6,6,226
@2941081638,2941081638,670231706,670231706,0,65535,27000,27000,6,6,227
@2941081638,2941081638,3281796542,3281796542,0,65535,1704,1704,6,6,228
@2941081639,2941081639,670231704,670231704,0,65535,1526,1526,6,6,229
@2941081639,2941081639,670231704,670231704,0,65535,1733,1733,6,6,230
@2941081639,2941081639,670231704,670231704,0,65535,1525,1525,6,6,231
@2941081639,2941081639,670231705,670231705,0,65535,1708,1708,6,6,232
@2941081639,2941081639,670231705,670231705,0,65535,1526,1526,6,6,233
@2941081639,2941081639,2941082912,2941082912,0,65535,135,135,6,6,234
@2941081634,2941081634,3281796542,3281796542,0,65535,32201,32201,6,6,235
@2941081634,2941081634,3281796542,3281796542,0,65535,1705,1705,6,6,236
@2941081634,2941081634,670046949,670046949,0,65535,6789,6789,6,6,237
@2941081634,2941081634,670046949,670046949,0,65535,21,21,6,6,238
@2941081634,2941081634,670046949,670046949,0,65535,2121,2121,6,6,239
@2941081634,2941081634,3281796542,3281796542,0,65535,1433,1433,6,6,240
@2941081632,2941081632,2941082912,2941082912,0,65535,1706,1706,6,6,241
@2941081632,2941081632,670046949,670046949,0,65535,19856,19856,6,6,242
@2941081632,2941081632,670046949,670046949,0,65535,1521,1521,6,6,243
@2941081632,2941081632,3281796542,3281796542,0,65535,1707,1707,6,6,244
@2941081632,2941081632,670046949,670046949,0,65535,1715,1715,6,6,245
@2941081632,2941081632,670046949,670046949,0,65535,1525,1525,6,6,246
@2941081632,2941081632,670046949,670046949,0,65535,5541,5541,6,6,247
@2941081632,2941081632,670046949,670046949,0,65535,1221,1221,6,6,248
@2941081632,2941081632,670046949,670046949,0,65535,1705,1705,6,6,249
@2941081632,2941081632,3281796542,3281796542,0,65535,1521,1521,6,6,250
@1600753441,1600753441,670046949,670046949,0,65535,1433,1433,6,6,251
@1600753441,1600753441,2470417366,2470417366,0,65535,5632,5632,6,6,252
@1600753441,1600753441,2468895829,2468895829,0,65535,20,20,6,6,253
@1600753443,1600753443,2651384468,2651384468,0,65535,1221,1221,6,6,254
@1600753443,1600753443,2671242324,2671242324,0,65535,20,20,6,6,255
@1600753443,1600753443,2671242245,2671242245,0,65535,5541,5541,6,6,256
@1600753443,1600753443,2671241753,2671241753,0,65535,1526,1526,6,6,257
@1600753443,1600753443,2671241753,2671241753,0,65535,1602,1602,6,6,258
@1600753443,1600753443,1524766112,1524766112,0,65535,1526,1526,6,6,259
@1600753443,1600753443,2671220572,2671220572,0,65535,15126,15126,6,6,260
@1600753443,1600753443,2671220572,2671220572,0,65535,6849,6849,6,6,261
@1600753443,1600753443,2671220572,2671220572,0,65535,1521,1521,6,6,262
@1600753443,1600753443,2671220562,2671220562,0,65535,6789,6789,6,6,263
@1600753443,1600753443,2671220562,2671220562,0,65535,1707,1707,6,6,264
@1600753443,1600753443,2671220562,2671220562,0,65535,135,135,6,6,265
@1600753443,1600753443,3019364661,3019364661,0,65535,1715,1715,6,6,266
@1600753445,1600753445,3019675696,3019675696,0,65535,1525,1525,6,6,267
@1600753445,1600753445,3087134218,3087134218,0,65535,1521,1521,6,6,268
@1600753445,1600753445,3117317766,3117317766,0,65535,1717,1717,6,6,269
@1600753445,1600753445,2799643343,2799643343,0,65535,1708,1708,6,6,270
@1600753445,1600753445,2711620725,2711620725,0,65535,1521,1521,6,6,271
@1600753446,1600753446,1524766113,1524766113,0,65535,1717,1717,6,6,272
@1600753446,1600753446,2712909115,2712909115,0,65535,135,135,6,6,273
@1600753446,1600753446,2720398476,2720398476,0,65535,1526,1526,6,6,274
@1600753446,1600753446,2720398476,2720398476,0,65535,5631,5631,6,6,275
@1600753446,1600753446,2720398476,2720398476,0,65535,135,135,6,6,276
@1600753446,1600753446,2720398476,2720398476,0,65535,1521,1521,6,6,277
@1600753446,1600753446,670046949,670046949,0,65535,1221,1221,6,6,278
@1600753446,1600753446,2720398501,2720398501,0,65535,14753,14753,6,6,279
@1600753446,1600753446,670046949,670046949,0,65535,135,135,6,6,280
@1600753446,1600753446,2720398501,2720398501,0,65535,1734,1734,6,6,281
@1600753446,1600753446,2720398501,2720398501,0,65535,1717,1717,6,6,282
@1600753446,1600753446,670046949,670046949,0,65535,5540,5540,6,6,283
@1600753446,1600753446,2851709936,2851709936,0,65535,1521,1521,6,6,284
@1600753446,1600753446,2851709501,2851709501,0,65535,1521,1521,6,6,285
@1600753446,1600753446,1118833037,1118833037,0,65535,1521,1521,6,6,286
@1600753446,1600753446,2840859880,2840859880,0,65535,27000,27000,6,6,287
@1600753446,1600753446,2840857493,2840857493,0,65535,31000,31000,6,6,288
@1600753467,1600753467,2840961627,2840961627,0,65535,1734,1734,6,6,289
@1600753467,1600753467,2947977227,2947977227,0,65535,1521,1521,6,6,290
@1600753467,1600753467,2947977227,2947977227,0,65535,2110,2110,6,6,291
@1600753467,1600753467,2947977230,2947977230,0,65535,21,21,6,6,292
@1600753467,1600753467,2947977230,2947977230,0,65535,1525,1525,6,6,293
@1600753464,1600753464,2941601013,2941601013,0,65535,6849,6849,6,6,294
@1600753464,1600753464,2941611157,2941611157,0,65535,5555,5555,6,6,295
@1600753464,1600753464,2941611157,2941611157,0,65535,1708,1708,6,6,296
@1600753464,1600753464,2941611157,2941611157,0,65535,1521,1521,6,6,297
@1600753464,1600753464,1475010948,1475010948,0,65535,3031,3031,6,6,298
@1600753464,1600753464,2941611157,2941611157,0,65535,1526,1526,6,6,299
@1600753464,1600753464,2941611157,2941611157,0,65535,1526,1526,17,17,300
@1600753464,1600753464,670046949,670046949,0,65535,1526,1526,6,6,301
@1600753464,1600753464,2941611157,2941611157,0,65535,5543,5543,6,6,302
@1600753464,1600753464,2941611157,2941611157,0,65535,6790,6790,6,6,303
@1600753464,1600753464,670046949,670046949,0,65535,1734,1734,6,6,304
@1600753464,1600753464,2940707474,2940707474,0,65535,5543,5543,6,6,305
@1600753464,1600753464,2940393214,2940393214,0,65535,31000,31000,6,6,306
@1600753464,1600753464,2940393214,2940393214,0,65535,1521,1521,6,6,307
@1600753464,1600753464,2940393212,2940393212,0,65535,1706,1706,6,6,308
@1600753464,1600753464,2940391542,2940391542,0,65535,20,20,6,6,309
@1600753464,1600753464,2940391542,2940391542,0,65535,14753,14753,6,6,310
@1600753464,1600753464,2940391542,2940391542,0,65535,1708,1708,6,6,311
@1600753458,1600753458,2940391542,2940391542,0,65535,1521,1521,6,6,312
@1600753458,1600753458,670046949,670046949,0,65535,5632,5632,6,6,313
@1600753458,1600753458,2941072334,2941072334,0,65535,1525,1525,6,6,314
@1600753458,1600753458,670046949,670046949,0,65535,1521,1521,6,6,315
@1600753458,1600753458,1475010673,1475010673,0,65535,1540,1540,6,6,316
@1600753458,1600753458,1475017951,1475017951,0,65535,1712,1712,6,6,317
@1600753458,1600753458,2941072334,2941072334,0,65535,1221,1221,6,6,318
@1600753458,1600753458,2941072334,2941072334,0,65535,65500,65500,6,6,319
@1600753458,1600753458,670046949,670046949,0,65535,20,20,6,6,320
@1600753458,1600753458,1600752123,1600752123,0,65535,1221,1221,6,6,321
@1600753458,1600753458,670046949,670046949,0,65535,1724,1724,6,6,322
@1600753458,1600753458,2941082912,2941082912,0,65535,1521,1521,6,6,323
@1600753458,1600753458,3423425067,3423425067,0,65535,5540,5540,6,6,324
@1600753458,1600753458,3423460022,3423460022,0,65535,1717,1717,6,6,325
@1600753458,1600753458,3423460022,3423460022,0,65535,1705,1705,6,6,326
@1600753458,1600753458,3423460022,3423460022,0,65535,1711,1711,17,17,327
@1600753459,1600753459,670046949,670046949,0,65535,1705,1705,6,6,328
@1600753459,1600753459,3423460022,3423460022,0,65535,5631,5631,6,6,329
@1600753459,1600753459,3423460022,3423460022,0,65535,1521,1521,6,6,330
@1600753459,1600753459,3423460022,3423460022,0,65535,20,20,6,6,331
@1600753459,1600753459,3423460022,3423460022,0,65535,6000,6000,6,6,332
@1600753459,1600753459,3423493419,3423493419,0,65535,15126,15126,6,6,333
@1600753459,1600753459,3423493419,3423493419,0,65535,1707,1707,6,6,334
@1600753459,1600753459,3423493328,3423493328,0,65535,135,135,6,6,335
@1600753459,1600753459,3423493331,3423493331,0,65535,1705,1705,6,6,336
@1600753459,1600753459,3423493331,3423493331,0,65535,27000,27000,6,6,337
@1600753459,1600753459,1600752123,1600752123,0,65535,1704,1704,6,6,338
@1600753459,1600753459,3423493331,3423493331,0,65535,1526,1526,6,6,339
@1600753459,1600753459,3423493330,3423493330,0,65535,135,135,6,6,340
@1600753459,1600753459,3423493330,3423493330,0,65535,27000,27000,6,6,341
@1600753459,1600753459,1278817642,1278817642,0,65535,30211,30211,6,6,342
@1600753459,1600753459,3423476519,3423476519,0,65535,30210,30210,6,6,343
@1600753459,1600753459,3423476519,3423476519,0,65535,1521,1521,6,6,344
@1600753459,1600753459,3423476519,3423476519,0,65535,1601,1601,6,6,345
@1600753437,1600753437,1600752123,1600752123,0,65535,5555,5555,6,6,346
@1600753437,1600753437,3423476519,3423476519,0,65535,1526,1526,6,6,347
@1600753437,1600753437,1600752123,1600752123,0,65535,6789,6789,6,6,348
@1600753437,1600753437,3423476519,3423476519,0,65535,1521,1521,6,6,349
@1600753437,1600753437,3423476518,3423476518,0,65535,1521,1521,6,6,350
@1600753436,1600753436,670046949,670046949,0,65535,1221,1221,6,6,351
@1600753436,1600753436,3423476518,3423476518,0,65535,2115,2115,6,6,352
@1600753436,1600753436,3423476518,3423476518,0,65535,32201,32201,6,6,353
@1600753436,1600753436,3423476518,3423476518,0,65535,135,135,6,6,354
@1600753436,1600753436,1600752123,1600752123,0,65535,135,135,6,6,355
@1600753436,1600753436,3423476518,3423476518,0,65535,1525,1525,6,6,356
@1600753436,1600753436,3423476518,3423476518,0,65535,30899,30899,6,6,357
@1600753436,1600753436,3423476518,3423476518,0,65535,1717,1717,6,6,358
@1600753432,1600753432,3238454231,3238454231,0,65535,1708,1708,6,6,359
@1600753432,1600753432,3238454226,3238454226,0,65535,1526,1526,6,6,360
@1600753432,1600753432,3238454226,3238454226,0,65535,1704,1704,6,6,361
@1600753432,1600753432,1600752123,1600752123,0,65535,1717,1717,6,6,362
@1600753432,1600753432,3238307047,3238307047,0,65535,1708,1708,6,6,363
@1600753432,1600753432,3238307047,3238307047,0,65535,1521,1521,6,6,364
@1600753432,1600753432,3238307047,3238307047,0,65535,1526,1526,6,6,365
@1600753434,1600753434,3238307047,3238307047,0,65535,1525,1525,6,6,366
@1600753434,1600753434,3235307007,3235307007,0,65535,32201,32201,6,6,367
@1600753434,1600753434,3235307007,3235307007,0,65535,1733,1733,6,6,368
@1600753434,1600753434,3235307007,3235307007,0,65535,5632,5632,6,6,369
@1600753434,1600753434,670046949,670046949,0,65535,1221,1221,6,6,370
@1600753434,1600753434,3235307007,3235307007,0,65535,1704,1704,6,6,371
@1600753434,1600753434,3235703393,3235703393,0,65535,1432,1432,6,6,372
@1600753434,1600753434,3235900935,3235900935,0,65535,30899,30899,6,6,373
@1600753434,1600753434,3235901060,3235901060,0,65535,20,20,6,6,374
@1600753434,1600753434,3235901060,3235901060,0,65535,1734,1734,6,6,375
@1600753434,1600753434,3233866562,3233866562,0,65535,1521,1521,6,6,376
@1600753434,1600753434,3234084550,3234084550,0,65535,5541,5541,6,6,377
@1600753434,1600753434,3234084550,3234084550,0,65535,1715,1715,6,6,378
@1600753434,1600753434,3234084548,3234084548,0,65535,30899,30899,6,6,379
@1600753434,1600753434,3234083344,3234083344,0,65535,32201,32201,17,17,380
@1600753434,1600753434,3234083344,3234083344,0,65535,1521,1521,6,6,381
@1600753434,1600753434,3234083345,3234083345,0,65535,1724,1724,6,6,382
@1600753434,1600753434,3234083345,3234083345,0,65535,5555,5555,6,6,383
@1600753434,1600753434,3234855430,3234855430,0,65535,20,20,6,6,384
@1600753434,1600753434,670046949,670046949,0,65535,1712,1712,6,6,385
@1600753434,1600753434,3234779628,3234779628,0,65535,1433,1433,6,6,386
@1600753434,1600753434,3234745486,3234745486,0,65535,5541,5541,6,6,387
@1600753434,1600753434,1475017951,1475017951,0,65535,5632,5632,6,6,388
@1600753414,1600753414,3234492303,3234492303,0,65535,1707,1707,6,6,389
@1600753414,1600753414,3234492291,3234492291,0,65535,1521,1521,6,6,390
@1600753414,1600753414,3234492322,3234492322,0,65535,1521,1521,6,6,391
@1600753414,1600753414,670046949,670046949,0,65535,1521,1521,6,6,392
@1600753414,1600753414,3234492322,3234492322,0,65535,1526,1526,6,6,393
@1600753414,1600753414,3234492322,3234492322,0,65535,5632,5632,6,6,394
@1600753414,1600753414,3234492322,3234492322,0,65535,1704,1704,6,6,395
@1600753414,1600753414,3234492322,3234492322,0,65535,2115,2115,6,6,396
@1600753409,1600753409,3255248673,3255248673,0,65535,1704,1704,6,6,397
@1600753409,1600753409,1600752123,1600752123,0,65535,1650,1650,6,6,398
@1600753409,1600753409,3255248673,3255248673,0,65535,5542,5542,6,6,399
@1600753409,1600753409,3255248673,3255248673,0,65535,21,21,6,6,400
@1600753409,1600753409,3255248676,3255248676,0,65535,20,20,6,6,401
@1600753409,1600753409,1600752123,1600752123,0,65535,1708,1708,6,6,402
@1600753409,1600753409,3270802124,3270802124,0,65535,5632,5632,6,6,403
@1600753409,1600753409,3270796391,3270796391,0,65535,1521,1521,6,6,404
@1600753409,1600753409,670046949,670046949,0,65535,1526,1526,6,6,405
@1600753409,1600753409,3270796391,3270796391,0,65535,1712,1712,6,6,406
@1600753409,1600753409,3270796391,3270796391,0,65535,1526,1526,6,6,407
@1600753409,1600753409,3270796391,3270796391,0,65535,1711,1711,6,6,408
@1600753409,1600753409,3271393328,3271393328,0,65535,135,135,6,6,409
@1600753409,1600753409,3271393328,3271393328,0,65535,1526,1526,6,6,410
@1600753409,1600753409,1600752123,1600752123,0,65535,1715,1715,6,6,411
@1600753409,1600753409,3271393328,3271393328,0,65535,21,21,6,6,412
@1600753418,1600753418,3271393328,3271393328,0,65535,21,21,6,6,413
@1600753418,1600753418,3271331457,3271331457,0,65535,1221,1221,6,6,414
@1600753418,1600753418,3271331457,3271331457,0,65535,1717,1717,6,6,415
@1600753418,1600753418,3271331457,3271331457,0,65535,6000,6000,6,6,416
@1600753418,1600753418,3271331457,3271331457,0,65535,1708,1708,6,6,417
@1600753418,1600753418,3271331459,3271331459,0,65535,1525,1525,6,6,418
@1600753418,1600753418,1600752123,1600752123,0,65535,1521,1521,6,6,419
@1600753418,1600753418,3271331459,3271331459,0,65535,1724,1724,6,6,420
@1600753418,1600753418,3271331459,3271331459,0,65535,1521,1521,6,6,421
@1600753418,1600753418,3271331459,3271331459,0,65535,5540,5540,6,6,422
@1600753418,1600753418,3271331459,3271331459,0,65535,1734,1734,6,6,423
@1600753418,1600753418,3271331459,3271331459,0,65535,20,20,17,17,424
@1600753418,1600753418,3271331459,3271331459,0,65535,1526,1526,6,6,425
@1600753418,1600753418,3271331459,3271331459,0,65535,443,443,6,6,426
@1600753418,1600753418,3271331459,3271331459,0,65535,1433,1433,6,6,427
@1600753418,1600753418,3278846765,3278846765,0,65535,1489,1489,6,6,428
@1600753418,1600753418,3278846765,3278846765,0,65535,1526,1526,6,6,429
@1600753418,1600753418,670046949,670046949,0,65535,5541,5541,6,6,430
@1600753418,1600753418,1600752123,1600752123,0,65535,5555,5555,6,6,431
@1600753418,1600753418,3278846765,3278846765,0,65535,27400,27400,6,6,432
@1600753418,1600753418,670046949,670046949,0,65535,6000,6000,6,6,433
@1600753421,1600753421,3278846765,3278846765,0,65535,1712,1712,6,6,434
@1600753421,1600753421,3278846765,3278846765,0,65535,1711,1711,6,6,435
@1600753421,1600753421,3278846765,3278846765,0,65535,1489,1489,6,6,436
@1600753421,1600753421,3278846765,3278846765,0,65535,1707,1707,6,6,437
@1600753421,1600753421,3278846765,3278846765,0,65535,30899,30899,6,6,438
@1600753421,1600753421,3278846765,3278846765,0,65535,1521,1521,6,6,439
@1600753421,1600753421,3283012403,3283012403,0,65535,1521,1521,6,6,440
@1600753421,1600753421,3283012403,3283012403,0,65535,1433,1433,6,6,441
@1600753421,1600753421,3283012403,3283012403,0,65535,1526,1526,6,6,442
@1600753421,1600753421,3283012403,3283012403,0,65535,6000,6000,6,6,443
@1600753421,1600753421,3282819010,3282819010,0,65535,1526,1526,6,6,444
@1600753421,1600753421,3282819010,3282819010,0,65535,20,20,6,6,445
@1600753421,1600753421,1600752123,1600752123,0,65535,30210,30210,6,6,446
@1600753421,1600753421,3282819010,3282819010,0,65535,5543,5543,6,6,447
@1600753421,1600753421,3282819010,3282819010,0,65535,1221,1221,6,6,448
@1600753421,1600753421,3282819010,3282819010,0,65535,6000,6000,6,6,449
@1600753421,1600753421,3281732759,3281732759,0,65535,21,21,6,6,450
@1600753421,1600753421,3281732759,3281732759,0,65535,1521,1521,6,6,451
@1600753421,1600753421,3281732759,3281732759,0,65535,5541,5541,6,6,452
@1600753421,1600753421,3281732759,3281732759,0,65535,6789,6789,6,6,453
@1600753421,1600753421,3281732759,3281732759,0,65535,30899,30899,6,6,454
@1600753421,1600753421,3281732759,3281732759,0,65535,5555,5555,6,6,455
@1600753421,1600753421,3281732759,3281732759,0,65535,1715,1715,6,6,456
@1600753421,1600753421,3281796463,3281796463,0,65535,1650,1650,6,6,457
@1600753421,1600753421,670046949,670046949,0,65535,1526,1526,6,6,458
@1600753421,1600753421,1608936800,1608936800,0,65535,1489,1489,6,6,459
@1600753421,1600753421,3281796463,3281796463,0,65535,30804,30804,6,6,460
@1600753421,1600753421,3281796460,3281796460,0,65535,1521,1521,6,6,461
@1600753421,1600753421,670046949,670046949,0,65535,30210,30210,6,6,462
@2941081852,2941081853,3211750584,3211750584,0,65535,30211,30211,6,6,463
@1600753414,1600753415,3234492322,3234492322,0,65535,19856,19856,6,6,464
@2941081705,2941081705,615263430,615263431,0,65535,1525,1525,6,6,465
@2941081640,2941081640,652750886,652750887,0,65535,6888,6888,6,6,466
@2941081632,2941081632,3281796540,3281796541,0,65535,6000,6000,6,6,467
@2941081772,2941081773,1901346726,1901346726,0,65535,14753,14753,6,6,468
@2941081850,2941081851,1600752121,1600752121,0,65535,1521,1521,6,6,469
@2941081852,2941081853,549805317,549805317,0,65535,1705,1705,6,6,470
@2941081614,2941081615,3281796542,3281796542,0,65535,1521,1521,6,6,472
@2941081614,2941081615,652751015,652751015,0,65535,135,135,6,6,473
@1600753456,1600753457,1600752123,1600752123,0,65535,5631,5631,6,6,474
@1600753438,1600753439,670046949,670046949,0,65535,1521,1521,6,6,475
@1600753434,1600753435,3235307007,3235307007,0,65535,1221,1221,6,6,476
@1600753434,1600753435,670046949,670046949,0,65535,6789,6789,6,6,477
@1600753408,1600753409,3270796391,3270796391,0,65535,1221,1221,6,6,478
@1600753408,1600753409,3271393328,3271393328,0,65535,1705,1705,6,6,479
@1600753416,1600753417,3271331457,3271331457,0,65535,1521,1521,6,6,480
@2941081854,2941081854,549805318,549805319,0,65535,1734,1734,6,6,481
@2941081703,2941081703,615263438,615263439,0,65535,1525,1525,6,6,482
@2941081632,2941081632,670046950,670046951,0,65535,135,135,6,6,483
@1600753445,1600753445,2713396624,2713396625,0,65535,1525,1525,6,6,484
@1600753459,1600753459,3423493416,3423493417,0,65535,6789,6789,6,6,486
@1600753432,1600753432,3238454228,3238454229,0,65535,1711,1711,6,6,487
@1600753414,1600753414,3234492288,3234492289,0,65535,1707,1707,6,6,488
@1600753414,1600753414,3234492320,3234492321,0,65535,5555,5555,6,6,489
@1600753421,1600753421,3281732756,3281732757,0,65535,1526,1526,6,6,490
@2941081604,2941081604,615444440,615444443,0,65535,65500,65500,6,6,491
@2941081639,2941081639,670231708,670231711,0,65535,1521,1521,6,6,492
@2941081769,2941081769,1386375751,1386375751,0,65535,61900,61909,6,6,493
@2941081626,2941081626,615444446,615444446,0,65535,61000,61009,6,6,494
@2941081639,2941081639,3281796542,3281796542,0,65535,61600,61609,6,6,495
@2941081632,2941081632,670046949,670046949,0,65535,62500,62509,6,6,496
@1600753446,1600753446,2712909059,2712909059,0,65535,61000,61009,6,6,497
@1600753467,1600753467,2947977227,2947977227,0,65535,61200,61209,6,6,498
@1600753436,1600753436,3238454230,3238454230,0,65535,62000,62009,6,6,499
@1600753409,1600753409,3270796391,3270796391,0,65535,61700,61709,6,6,500
@2941081854,2941081854,1600752121,1600752121,0,65535,32200,32207,6,6,501
@2941081639,2941081639,670231704,670231704,0,65535,32200,32207,6,6,502
@2941081854,2941081854,549805336,549805339,0,65535,19856,19856,6,6,503
@1600753446,1600753446,2720398496,2720398499,0,65535,5540,5540,6,6,504
@1600753446,1600753446,2720398496,2720398499,0,65535,1490,1490,6,6,505
@1600753458,1600753458,3423460016,3423460019,0,65535,21,21,6,6,506
@1600753434,1600753434,3235900928,3235900931,0,65535,20,20,6,6,507
@1600753409,1600753409,670046944,670046947,0,65535,30211,30211,6,6,508
@2941081734,2941081734,3281796454,3281796454,0,65535,61600,61609,6,6,510
@2941081848,2941081848,1525145405,1525145405,0,65535,62500,62509,6,6,511
@2941081854,2941081854,549805342,549805342,0,65535,61300,61309,6,6,512
@2941081691,2941081691,3281796542,3281796542,0,65535,61700,61709,6,6,513
@2941081675,2941081675,614918752,614918752,0,65535,61700,61709,6,6,514
@2941081721,2941081721,614894783,614894783,0,65535,62500,62509,6,6,515
@2941081704,2941081704,3281796542,3281796542,0,65535,62100,62109,6,6,516
@2941081704,2941081704,614894781,614894781,0,65535,62400,62409,6,6,517
@2941081640,2941081640,652750884,652750884,0,65535,62400,62409,6,6,518
@2941081641,2941081641,652750884,652750884,0,65535,62700,62709,6,6,519
@2941081642,2941081642,652750884,652750884,0,65535,62700,62709,17,17,520
@2941081634,2941081634,670046949,670046949,0,65535,62100,62109,6,6,521
@2941081632,2941081632,670046949,670046949,0,65535,61000,61009,6,6,522
@2941081632,2941081632,670046949,670046949,0,65535,62600,62609,6,6,523
@2941081632,2941081632,3281796542,3281796542,0,65535,61300,61309,6,6,524
@1600753445,1600753445,3211749506,3211749506,0,65535,62400,62409,6,6,525
@1600753467,1600753467,2840961629,2840961629,0,65535,62600,62609,6,6,526
@1600753467,1600753467,2947977227,2947977227,0,65535,62000,62009,6,6,527
@1600753464,1600753464,2941611157,2941611157,0,65535,32210,32219,6,6,528
@1600753464,1600753464,2941611157,2941611157,0,65535,61300,61309,6,6,529
@1600753459,1600753459,3423460022,3423460022,0,65535,61300,61309,6,6,530
@1600753459,1600753459,670046949,670046949,0,65535,61300,61309,6,6,531
@1600753459,1600753459,3423460022,3423460022,0,65535,62700,62709,6,6,532
@1600753437,1600753437,670046949,670046949,0,65535,61300,61309,6,6,533
@1600753437,1600753437,3423476519,3423476519,0,65535,62700,62709,6,6,534
@1600753437,1600753437,1600752123,1600752123,0,65535,61300,61309,6,6,535
@1600753436,1600753436,3423476518,3423476518,0,65535,61600,61609,6,6,536
@1600753432,1600753432,3238306952,3238306952,0,65535,61500,61509,6,6,537
@1600753432,1600753432,3238306952,3238306952,0,65535,62400,62409,6,6,538
@1600753434,1600753434,3235703799,3235703799,0,65535,62100,62109,6,6,539
@1600753409,1600753409,670046949,670046949,0,65535,61400,61409,6,6,540
@1600753409,1600753409,3270796391,3270796391,0,65535,32210,32219,6,6,541
@1600753418,1600753418,3271331457,3271331457,0,65535,62100,62109,6,6,542
@1600753418,1600753418,1278816277,1278816277,0,65535,61700,61709,6,6,543
@1600753418,1600753418,3278846765,3278846765,0,65535,61700,61709,6,6,544
@1600753421,1600753421,3278846765,3278846765,0,65535,62500,62509,6,6,545
@1600753421,1600753421,3282819010,3282819010,0,65535,61500,61509,6,6,546
@1600753421,1600753421,1600752123,1600752123,0,65535,61500,61509,6,6,547
@1600753421,1600753421,3281732759,3281732759,0,65535,61300,61309,6,6,548
@1600753421,1600753421,3281796461,3281796461,0,65535,61300,61309,6,6,549
@2941081854,2941081854,1600752121,1600752121,0,65535,2200,2210,6,6,550
@2941081645,2941081645,652750885,652750885,0,65535,2200,2210,6,6,551
@2941081642,2941081642,3281796542,3281796542,0,65535,20000,20010,6,6,552
@1600753443,1600753443,2651578665,2651578665,0,65535,20000,20010,6,6,553
@1600753459,1600753459,3423460022,3423460022,0,65535,2200,2210,6,6,554
@1600753432,1600753432,3238306952,3238306952,0,65535,2200,2210,6,6,555
@1600753418,1600753418,3271331457,3271331457,0,65535,20000,20010,6,6,556
@1600753421,1600753421,670046949,670046949,0,65535,20000,20010,6,6,557
@2941081854,2941081854,2941082912,2941082912,0,65535,1600,1649,6,6,558
@1600753458,1600753458,2941072334,2941072334,0,65535,1600,1649,6,6,559
@1600753432,1600753432,3238306952,3238306952,0,65535,1600,1649,6,6,560
@1600753418,1600753418,3271331459,3271331459,0,65535,1300,1349,6,6,561
@2941081854,2941081854,3281796542,3281796542,0,65535,61100,61119,6,6,562
@2941081639,2941081639,670231705,670231705,0,65535,62200,62219,6,6,563
@1600753443,1600753443,2651560590,2651560590,0,65535,62200,62219,6,6,564
@1600753459,1600753459,1600752123,1600752123,0,65535,61100,61119,6,6,565
@1600753432,1600753432,3238307047,3238307047,0,65535,61100,61119,6,6,566
@1600753421,1600753421,3282819010,3282819010,0,65535,62220,62239,6,6,567
@1600753446,1600753446,2850862697,2850862697,0,65535,1700,1720,6,6,569
@1600753434,1600753434,3235900934,3235900934,0,65535,1700,1720,6,6,571
@1600753446,1600753446,2720398501,2720398501,0,65535,1600,1650,6,6,572
@2941081848,2941081848,1475209813,1475209813,0,65535,1600,1650,6,6,573
@1600753446,1600753446,2720398501,2720398501,0,65535,1300,1350,6,6,576
@1600753467,1600753467,2947977230,2947977230,0,65535,1300,1350,6,6,577
@1600753467,1600753467,2941601013,2941601013,0,65535,1700,1750,6,6,578
@1600753421,1600753421,3281732759,3281732759,0,65535,1600,1650,6,6,580
@2941081854,2941081854,549805413,549805413,0,65535,1300,1349,6,6,581
@2941081703,2941081703,615263435,615263435,0,65535,1300,1349,6,6,582
@2941081620,2941081620,615444366,615444366,0,65535,1300,1349,6,6,583
@2941081618,2941081618,615444367,615444367,0,65535,1300,1349,17,17,584
@2941081604,2941081604,615444446,615444446,0,65535,1600,1649,6,6,585
@1600753441,1600753441,2469380859,2469380859,0,65535,1300,1349,6,6,586
@1600753445,1600753445,3019140474,3019140474,0,65535,1600,1649,6,6,587
@1600753445,1600753445,3181745911,3181745911,0,65535,1600,1649,6,6,588
@1600753459,1600753459,3423476519,3423476519,0,65535,1300,1349,6,6,589
@1600753434,1600753434,3233883831,3233883831,0,65535,1600,1649,6,6,590
@1600753414,1600753414,3234492322,3234492322,0,65535,1600,1649,6,6,591
@1600753409,1600753409,3270796391,3270796391,0,65535,1600,1649,6,6,592
@1600753421,1600753421,3281732759,3281732759,0,65535,1300,1349,6,6,593
@2941081641,2941081641,652750884,652750884,0,65535,8000,8100,6,6,594
@1600753445,1600753445,2711617737,2711617737,0,65535,7500,7599,6,6,595
@1600753459,1600753459,3423493328,3423493328,0,65535,62200,62239,6,6,596
@1600753414,1600753414,3234492291,3234492291,0,65535,62200,62239,6,6,597
@2941081848,2941081848,2941082912,2941082912,0,65535,7500,7599,6,6,598
@2941081686,2941081686,549805342,549805342,0,65535,7500,7599,6,6,599
@2941081726,2941081726,614894783,614894783,0,65535,7500,7599,6,6,600
@2941081634,2941081634,670231705,670231705,0,65535,7500,7599,6,6,601
@1600753418,1600753418,3271393328,3271393328,0,65535,1300,1399,6,6,602
@2941081647,2941081647,652750885,652750885,0,65535,8000,8100,6,6,603
@2941081638,2941081638,670231706,670231706,0,65535,8000,8100,6,6,604
@1600753459,1600753459,1278817642,1278817642,0,65535,8000,8100,6,6,605
@1600753434,1600753434,670046949,670046949,0,65535,8000,8100,6,6,606
@1600753432,1600753433,3238454226,3238454226,0,65535,7500,7599,6,6,607
@2941081600,2941082111,670046949,670046949,0,65535,1526,1526,6,6,609
@2941081600,2941082111,2109626830,2109626830,0,65535,5541,5541,6,6,610
@2941081600,2941082111,1898372082,1898372082,0,65535,1526,1526,6,6,611
@1600753152,1600753663,2940707619,2940707619,0,65535,1707,1707,6,6,614
@1600753152,1600753663,2941071933,2941071933,0,65535,1521,1521,6,6,615
@1600753152,1600753663,3238454226,3238454226,0,65535,65500,65500,6,6,616
@1600753152,1600753663,3271331457,3271331457,0,65535,6789,6789,6,6,617
@1600753152,1600753663,3271331459,3271331459,0,65535,1704,1704,6,6,618
@1600753152,1600753663,3283012403,3283012403,0,65535,1711,1711,6,6,619
@1600753152,1600753663,3283012403,3283012403,0,65535,31000,31000,6,6,620
@1600753152,1600753663,670046949,670046949,0,65535,32201,32201,6,6,621
@2941081673,2941081673,614919168,614920191,0,65535,1521,1521,6,6,623
@2941081854,2941081854,3281795072,3281796095,0,65535,80,80,6,6,627
@2941081854,2941081854,549896192,549897215,0,65535,21,21,6,6,628
@2941081726,2941081726,614893568,614894591,0,65535,1525,1525,6,6,629
@2941081628,2941081628,615442432,615443455,0,65535,1704,1704,6,6,630
@2941081626,2941081626,615442432,615443455,0,65535,6000,6000,6,6,631
@2941081638,2941081638,670230528,670231551,0,65535,135,135,6,6,632
@2941081632,2941081632,3281795072,3281796095,0,65535,1521,1521,6,6,633
@1600753458,1600753458,3423425536,3423426559,0,65535,1704,1704,6,6,638
@1600753459,1600753459,3423492096,3423493119,0,65535,1526,1526,6,6,639
@1600753432,1600753432,3238305792,3238306815,0,65535,1521,1521,6,6,640
@1600753434,1600753434,670047232,670048255,0,65535,1707,1707,6,6,641
@1600753409,1600753409,3271394304,3271395327,0,65535,1526,1526,6,6,644
@1600753418,1600753418,3271329792,3271330815,0,65535,1707,1707,6,6,645
@1600753421,1600753421,3281731584,3281732607,0,65535,1526,1526,6,6,647
@2941081612,2941081615,652751872,652752895,0,65535,6790,6790,6,6,652
@1600753420,1600753423,3281795072,3281796095,0,65535,1521,1521,6,6,653
@2941081600,2941082111,549805342,549805342,0,65535,2200,2210,6,6,654
@2941081640,2941081643,652751872,652752895,0,65535,30211,30211,6,6,655
@2941081632,2941081635,670047232,670048255,0,65535,1521,1521,6,6,656
@1600753456,1600753459,3423476736,3423477759,0,65535,14753,14753,6,6,658
@1600753416,1600753419,670047232,670048255,0,65535,20,20,6,6,659
@2941081600,2941082111,670046960,670046975,0,65535,6789,6789,6,6,660
@1600753152,1600753663,3282819024,3282819039,0,65535,135,135,6,6,661
@2941081848,2941081848,1609011556,1609011556,0,65535,0,65535,6,6,664
@1600753445,1600753445,3181706284,3181706284,0,65535,0,65535,6,6,673
@1600753409,1600753409,3255248677,3255248677,0,65535,0,65535,6,6,676
@1600753409,1600753409,1278816277,1278816277,0,65535,0,65535,6,6,677
@2941081600,2941082111,3281796542,3281796542,0,65535,8000,8100,6,6,684
@2941081735,2941081735,1901338756,1901338756,0,65535,0,65535,6,6,685
@2941081769,2941081769,1424884811,1424884811,0,65535,0,65535,6,6,687
@2941081848,2941081848,2840961629,2840961629,0,65535,0,65535,6,6,688
@2941081848,2941081848,1475209819,1475209819,0,65535,0,65535,1,1,689
@2941081848,2941081848,1474914201,1474914201,0,65535,0,65535,1,1,691
@2941081848,2941081848,1597691155,1597691155,0,65535,0,65535,6,6,692
@2941081666,2941081666,614894783,614894783,0,65535,0,65535,1,1,699
@2941081630,2941081630,615444361,615444361,0,65535,0,65535,6,6,701
@1600753441,1600753441,2469796503,2469796503,0,65535,0,65535,6,6,716
@1600753441,1600753441,2651384478,2651384478,0,65535,0,65535,6,6,718
@1600753445,1600753445,3181895423,3181895423,0,65535,0,65535,6,6,720
@1600753445,1600753445,2798779857,2798779857,0,65535,0,65535,6,6,721
@1600753445,1600753445,1139482829,1139482829,0,65535,0,65535,6,6,722
@1600753445,1600753445,2713623113,2713623113,0,65535,0,65535,6,6,724
@1600753446,1600753446,2840039100,2840039100,0,65535,0,65535,6,6,725
@1600753464,1600753464,1524764650,1524764650,0,65535,0,65535,6,6,726
@1600753459,1600753459,3423493330,3423493330,0,65535,0,65535,1,1,736
@1600753434,1600753434,1278817675,1278817675,0,65535,0,65535,6,6,742
@1600753409,1600753409,3270802158,3270802158,0,65535,0,65535,6,6,746
@1600753445,1600753445,2799235670,2799235671,0,65535,0,65535,6,6,753
@1600753408,1600753409,3255248676,3255248676,0,65535,0,65535,1,1,754
@2941081848,2941081848,3281796096,3281796351,0,65535,0,65535,6,6,757
@2941081604,2941081604,615443968,615444223,0,65535,0,65535,6,6,758
@2941081639,2941081639,670231808,670232063,0,65535,0,65535,6,6,759
@1600753421,1600753421,3278846464,3278846719,0,65535,0,65535,6,6,760
@2941081854,2941081854,2947977472,2947977727,0,65535,0,65535,6,6,762
@2941081697,2941081697,615263488,615263743,0,65535,0,65535,6,6,763
@2941081611,2941081611,3281796096,3281796351,0,65535,0,65535,6,6,764
@2941081609,2941081609,652751104,652751359,0,65535,0,65535,6,6,765
@2941081645,2941081645,652751104,652751359,0,65535,0,65535,6,6,766
@1600753436,1600753436,3423476224,3423476479,0,65535,0,65535,6,6,768
@1600753432,1600753432,3238307072,3238307327,0,65535,0,65535,6,6,769
@1600753434,1600753434,3235901184,3235901439,0,65535,0,65535,6,6,770
@1600753414,1600753414,3234491904,3234492159,0,65535,0,65535,6,6,771
@1600753409,1600753409,3270802176,3270802431,0,65535,0,65535,6,6,772
@1600753418,1600753418,1600751616,1600751871,0,65535,0,65535,1,1,773
@1600753421,1600753421,3281732864,3281733119,0,65535,0,65535,6,6,774
@2941081665,2941081665,614894783,614894783,0,65535,0,65535,0,255,783
@1600753441,1600753441,2426915071,2426915071,0,65535,0,65535,0,255,792
@1600753434,1600753434,3234745484,3234745484,0,65535,0,65535,0,255,805
@1600753152,1600753663,3019563484,3019563484,0,65535,0,65535,1,1,822
@1600753152,1600753663,3215110558,3215110558,0,65535,0,65535,6,6,823
@1600753152,1600753663,2840052372,2840052372,0,65535,0,65535,6,6,824
@2941081601,2941081601,615442432,615443455,0,65535,0,65535,6,6,835
@2941081613,2941081613,3281795072,3281796095,0,65535,0,65535,6,6,836
@1600753441,1600753441,670047232,670048255,0,65535,0,65535,6,6,837
@1600753436,1600753436,3423476736,3423477759,0,65535,0,65535,6,6,838
@1600753434,1600753434,3238305792,3238306815,0,65535,0,65535,6,6,839
@1600753414,1600753415,3234491904,3234492159,0,65535,0,65535,1,1,840
@1600753422,1600753423,3281732864,3281733119,0,65535,0,65535,6,6,841
@1600753152,1600753663,2798765754,2798765755,0,65535,0,65535,6,6,843
@1600753152,1600753663,670046950,670046951,0,65535,0,65535,6,6,844
@2941081697,2941081697,3281795072,3281796095,0,65535,0,65535,6,6,845
@1547887339,1547887339,2420139008,2420140031,0,65535,0,65535,6,6,846
@1600753467,1600753467,2941599744,2941600767,0,65535,0,65535,6,6,848
@1600753464,1600753464,670047232,670048255,0,65535,0,65535,6,6,849
@1600753459,1600753459,3423460352,3423461375,0,65535,0,65535,1,1,850
@1600753434,1600753434,3233866752,3233867775,0,65535,0,65535,6,6,851
@1600753418,1600753418,3278846976,3278847999,0,65535,0,65535,6,6,852
@1600753414,1600753415,3234490368,3234491391,0,65535,0,65535,6,6,856
@2941081664,2941081667,614893568,614894591,0,65535,0,65535,6,6,858
@2941081603,2941081603,2947977472,2947977727,0,65535,0,65535,0,255,859
@1600753464,1600753464,2941611264,2941611519,0,65535,0,65535,0,255,861
@1600753437,1600753437,3423476224,3423476479,0,65535,0,65535,0,255,862
@1600753421,1600753421,3281796096,3281796351,0,65535,0,65535,0,255,863
@2941081600,2941082111,1402733008,1402733008,0,65535,0,65535,0,255,864
@1600753152,1600753663,1524763767,1524763767,0,65535,0,65535,0,255,868
@1600753152,1600753663,3423460096,3423460351,0,65535,0,65535,6,6,872
@2941081606,2941081606,615442432,615443455,0,65535,0,65535,0,255,874
@2941081638,2941081638,3281795072,3281796095,0,65535,0,65535,0,255,875
@1600753409,1600753409,670047232,670048255,0,65535,0,65535,0,255,877
@2941081600,2941082111,1096107520,1096107583,0,65535,0,65535,0,255,878
@2941081600,2941082111,615448576,615514111,0,65535,0,65535,6,6,879
@2941081600,2941082111,652804096,652869631,0,65535,0,65535,6,6,880
@1600753152,1600753663,2940707968,2940708095,0,65535,0,65535,0,255,881
@2941081600,2941082111,549912576,549978111,0,65535,0,65535,6,6,882
@2941081600,2941082111,549715968,549781503,0,65535,0,65535,6,6,883
@1600753152,1600753663,3423338496,3423404031,0,65535,0,65535,6,6,885
@1600753152,1600753663,3235774464,3235839999,0,65535,0,65535,6,6,886
@1600753152,1600753663,3270836224,3270901759,0,65535,0,65535,1,1,887
@1600753152,1600753663,3282698240,3282763775,0,65535,0,65535,6,6,888
@1600753152,1600753663,3281846272,3281911807,0,65535,0,65535,6,6,889
@2941081600,2941082111,3281911808,3282042879,0,65535,0,65535,6,6,891
@1600753152,1600753663,3271426048,3271557119,0,65535,0,65535,6,6,892
@1600753152,1600753663,3282567168,3282698239,0,65535,0,65535,6,6,893
@2941081600,2941082111,1425670144,1425735679,0,65535,0,65535,0,255,894
@2941081600,2941082111,3281846272,3281911807,0,65535,0,65535,0,255,895
@1600753152,1600753663,2840068096,2840133631,0,65535,0,65535,0,255,896
@2941081600,2941082111,614727680,614858751,0,65535,0,65535,0,255,901
@1600753152,1600753663,3288334336,3355443199,0,65535,0,65535,1,1,904
@1600753152,1600753663,3489660928,3758096383,0,65535,0,65535,6,6,905
@0,4294967295,2112880640,2113404927,0,65535,0,65535,6,6,911
@0,4294967295,2108686336,2109210623,0,65535,0,65535,6,6,912
@0,4294967295,2063597568,2080374783,0,65535,0,65535,0,255,914
@0,4294967295,0,4294967295,0,65535,0,65535,0,255,916
#1,116
@2941081602,2941081603,615444446,615444446,0,65535,1521,1521,6,6,471
@1600753467,1600753467,2840961626,2840961627,0,65535,1526,1526,6,6,485
@1600753418,1600753418,1475017948,1475017951,0,65535,1221,1221,6,6,509
@1600753443,1600753443,2671220562,2671220562,0,65535,1700,1720,6,6,568
@1600753437,1600753437,1600752123,1600752123,0,65535,1700,1720,6,6,570
@2941081606,2941081606,615444446,615444446,0,65535,1600,1650,6,6,574
@2941081609,2941081609,652751015,652751015,0,65535,1700,1750,6,6,575
@1600753459,1600753459,3423493419,3423493419,0,65535,1700,1750,6,6,579
@2941081600,2941082111,2941082912,2941082912,0,65535,1521,1521,6,6,613
@1600753467,1600753467,2947977216,2947978239,0,65535,1705,1705,6,6,625
@2941081848,2941081848,1424884736,1424885759,0,65535,1490,1490,6,6,626
@1600753445,1600753445,2798779392,2798780415,0,65535,1526,1526,6,6,634
@1600753467,1600753467,2947977216,2947978239,0,65535,1490,1490,6,6,636
@1600753464,1600753464,2940707840,2940708863,0,65535,6849,6849,6,6,637
@1600753414,1600753414,1278816256,1278817279,0,65535,2051,2051,6,6,643
@1600753434,1600753435,670047232,670048255,0,65535,1521,1521,6,6,651
@2941081848,2941081848,1475209813,1475209813,0,65535,0,65535,6,6,663
@2941081848,2941081848,1608936800,1608936800,0,65535,0,65535,6,6,665
@2941081854,2941081854,3281796454,3281796454,0,65535,0,65535,6,6,666
@2941081620,2941081620,615444366,615444366,0,65535,0,65535,6,6,667
@2941081600,2941081600,615444446,615444446,0,65535,0,65535,6,6,668
@2941081647,2941081647,652750885,652750885,0,65535,0,65535,6,6,669
@2941081642,2941081642,652750884,652750884,0,65535,0,65535,6,6,670
@2941081639,2941081639,670231704,670231704,0,65535,0,65535,6,6,671
@1600753443,1600753443,670046949,670046949,0,65535,0,65535,6,6,672
@1600753436,1600753436,3423476518,3423476518,0,65535,0,65535,6,6,675
@1600753421,1600753421,3283012403,3283012403,0,65535,0,65535,6,6,678
@1600753421,1600753421,3282819010,3282819010,0,65535,0,65535,6,6,679
@1600753421,1600753421,3281796461,3281796461,0,65535,0,65535,6,6,680
@2941081624,2941081624,615444446,615444446,0,65535,5001,65535,6,6,681
@2941081611,2941081611,652751015,652751015,0,65535,1025,65535,6,6,682
@1600753434,1600753434,3235307007,3235307007,0,65535,1025,65535,6,6,683
@2941081772,2941081772,1901346726,1901346726,0,65535,0,65535,6,6,686
@2941081848,2941081848,3281796454,3281796454,0,65535,0,65535,6,6,690
@2941081848,2941081848,1600752121,1600752121,0,65535,0,65535,6,6,693
@2941081854,2941081854,1600752121,1600752121,0,65535,0,65535,6,6,694
@2941081854,2941081854,549898167,549898167,0,65535,0,65535,6,6,695
@2941081854,2941081854,549898167,549898167,0,65535,0,65535,1,1,696
@2941081854,2941081854,549805413,549805413,0,65535,0,65535,6,6,697
@2941081681,2941081681,549805342,549805342,0,65535,0,65535,6,6,698
@2941081722,2941081722,614894781,614894781,0,65535,0,65535,6,6,700
@2941081628,2941081628,615444446,615444446,0,65535,0,65535,6,6,702
@2941081624,2941081624,615444446,615444446,0,65535,0,65535,1,1,703
@2941081613,2941081613,652751015,652751015,0,65535,0,65535,1,1,705
@2941081613,2941081613,652751015,652751015,0,65535,0,65535,6,6,706
@2941081644,2941081644,652750885,652750885,0,65535,0,65535,6,6,707
@2941081642,2941081642,3281796542,3281796542,0,65535,0,65535,6,6,708
@2941081638,2941081638,670231706,670231706,0,65535,0,65535,6,6,709
@2941081638,2941081638,670231706,670231706,0,65535,0,65535,1,1,710
@2941081639,2941081639,670231706,670231706,0,65535,0,65535,6,6,711
@2941081639,2941081639,670231705,670231705,0,65535,0,65535,6,6,712
@2941081634,2941081634,670046949,670046949,0,65535,0,65535,6,6,713
@2941081632,2941081632,670046949,670046949,0,65535,0,65535,6,6,714
@2941081632,2941081632,2720398501,2720398501,0,65535,0,65535,6,6,715
@1600753441,1600753441,2652154859,2652154859,0,65535,0,65535,6,6,717
@1600753443,1600753443,1600752123,1600752123,0,65535,0,65535,6,6,719
@1600753445,1600753445,2711620725,2711620725,0,65535,0,65535,6,6,723
@1600753464,1600753464,2941611157,2941611157,0,65535,0,65535,6,6,727
@1600753464,1600753464,2940391542,2940391542,0,65535,0,65535,6,6,728
@1600753458,1600753458,2941071933,2941071933,0,65535,0,65535,6,6,729
@1600753458,1600753458,2941082912,2941082912,0,65535,0,65535,6,6,730
@1600753458,1600753458,3423460022,3423460022,0,65535,0,65535,6,6,731
@1600753459,1600753459,3423460022,3423460022,0,65535,0,65535,6,6,732
@1600753459,1600753459,3423460022,3423460022,0,65535,0,65535,1,1,733
@1600753459,1600753459,3423493328,3423493328,0,65535,0,65535,6,6,735
@1600753437,1600753437,3423476519,3423476519,0,65535,0,65535,6,6,737
@1600753432,1600753432,1600752123,1600752123,0,65535,0,65535,6,6,738
@1600753432,1600753432,3238306952,3238306952,0,65535,0,65535,6,6,739
@1600753432,1600753432,3238307047,3238307047,0,65535,0,65535,6,6,740
@1600753432,1600753432,3238307047,3238307047,0,65535,0,65535,1,1,741
@1600753434,1600753434,1600752123,1600752123,0,65535,0,65535,6,6,743
@1600753414,1600753414,3254912566,3254912566,0,65535,0,65535,6,6,744
@1600753409,1600753409,3255248743,3255248743,0,65535,0,65535,6,6,745
@1600753418,1600753418,3271331459,3271331459,0,65535,0,65535,6,6,747
@1600753418,1600753418,670046949,670046949,0,65535,0,65535,6,6,748
@1600753418,1600753418,3278846765,3278846765,0,65535,0,65535,1,1,749
@1600753421,1600753421,3278846765,3278846765,0,65535,0,65535,6,6,750
@1600753421,1600753421,3281732759,3281732759,0,65535,0,65535,6,6,751
@1600753421,1600753421,670046949,670046949,0,65535,0,65535,6,6,752
@1600753459,1600753459,1524764416,1524764671,0,65535,0,65535,6,6,767
@2941081600,2941082111,1525145405,1525145405,0,65535,0,65535,6,6,775
@2941081848,2941081848,1608936805,1608936805,0,65535,0,65535,0,255,777
@2941081854,2941081854,549805342,549805342,0,65535,0,65535,0,255,781
@2941081666,2941081666,3281796542,3281796542,0,65535,0,65535,0,255,782
@2941081698,2941081698,615263428,615263428,0,65535,0,65535,0,255,784
@2941081618,2941081618,615444367,615444367,0,65535,0,65535,0,255,785
@2941081618,2941081618,615444361,615444361,0,65535,0,65535,0,255,786
@2941081628,2941081628,615444361,615444361,0,65535,0,65535,0,255,787
@1600753446,1600753446,2720398501,2720398501,0,65535,0,65535,0,255,794
@1600753467,1600753467,2941601013,2941601013,0,65535,0,65535,0,255,795
@1600753459,1600753459,670046949,670046949,0,65535,0,65535,0,255,798
@1600753459,1600753459,3423476519,3423476519,0,65535,0,65535,0,255,799
@1600753437,1600753437,3423476518,3423476518,0,65535,0,65535,0,255,800
@1600753434,1600753434,670046949,670046949,0,65535,0,65535,0,255,801
@1600753434,1600753434,3235701553,3235701553,0,65535,0,65535,0,255,802
@1600753434,1600753434,3235901060,3235901060,0,65535,0,65535,0,255,803
@1600753434,1600753434,3234083345,3234083345,0,65535,0,65535,0,255,804
@1600753414,1600753414,3234745476,3234745476,0,65535,0,65535,0,255,806
@1600753414,1600753414,3234492303,3234492303,0,65535,0,65535,0,255,807
@1600753414,1600753414,670046949,670046949,0,65535,0,65535,0,255,808
@1600753409,1600753409,3270796391,3270796391,0,65535,0,65535,0,255,809
@2941081600,2941082111,549805317,549805317,0,65535,0,65535,6,6,815
@2941081600,2941082111,652750885,652750885,0,65535,0,65535,1,1,819
@2941081600,2941082111,670231704,670231704,0,65535,0,65535,1,1,821
@2941081852,2941081853,549805413,549805413,0,65535,0,65535,0,255,834
@2941081600,2941082111,3281796540,3281796541,0,65535,0,65535,6,6,842
@1600753446,1600753446,2712908800,2712909823,0,65535,0,65535,6,6,847
@2941081640,2941081643,670231706,670231706,0,65535,0,65535,0,255,853
@1600753436,1600753436,3423476736,3423477759,0,65535,0,65535,0,255,876
@2941081600,2941082111,1474822144,1474953215,0,65535,0,65535,6,6,890
@1600753152,1600753663,3235774464,3235839999,0,65535,0,65535,0,255,897
@1600753152,1600753663,3282698240,3282763775,0,65535,0,65535,0,255,898
@2941081600,2941082111,3211657216,3211788287,0,65535,0,65535,0,255,900
@1600753152,1600753663,3489660928,3758096383,0,65535,0,65535,0,255,910
@0,4294967295,2097152000,2113929215,0,65535,0,65535,6,6,913
@0,4294967295,0,4294967295,0,65535,0,65535,0,255,916
#2,39
@2941081600,2941082111,652750884,652750884,0,65535,1221,1221,6,6,608
@2941081600,2941082111,652750885,652750885,0,65535,1521,1521,6,6,612
@1600753446,1600753446,2720398336,2720399359,0,65535,1221,1221,17,17,635
@1600753418,1600753418,1608936448,1608937471,0,65535,1712,1712,6,6,646
@1600753442,1600753443,2671219712,2671220735,0,65535,1526,1526,6,6,650
@2941081632,2941081635,2720398336,2720399359,0,65535,1717,1717,6,6,657
@2941081624,2941081624,615444446,615444446,0,65535,1025,65535,6,6,662
@1600753437,1600753437,1600752123,1600752123,0,65535,0,65535,6,6,674
@1600753459,1600753459,3423493419,3423493419,0,65535,0,65535,6,6,734
@1600753456,1600753459,3423476519,3423476519,0,65535,0,65535,1,1,755
@1600753436,1600753439,3423476518,3423476518,0,65535,0,65535,6,6,756
@2941081772,2941081772,1901346560,1901346815,0,65535,0,65535,6,6,761
@1600753152,1600753663,3254912566,3254912566,0,65535,0,65535,6,6,776
@2941081854,2941081854,1600752121,1600752121,0,65535,0,65535,0,255,778
@2941081854,2941081854,549898167,549898167,0,65535,0,65535,0,255,779
@2941081854,2941081854,549805413,549805413,0,65535,0,65535,0,255,780
@2941081638,2941081638,670231706,670231706,0,65535,0,65535,0,255,788
@2941081639,2941081639,670231704,670231704,0,65535,0,65535,0,255,789
@2941081639,2941081639,670231705,670231705,0,65535,0,65535,0,255,790
@2941081632,2941081632,670046949,670046949,0,65535,0,65535,0,255,791
@1600753443,1600753443,670046949,670046949,0,65535,0,65535,0,255,793
@1600753458,1600753458,2941071933,2941071933,0,65535,0,65535,0,255,796
@1600753458,1600753458,3423460022,3423460022,0,65535,0,65535,0,255,797
@1600753418,1600753418,3278846765,3278846765,0,65535,0,65535,0,255,810
@1600753421,1600753421,3282819010,3282819010,0,65535,0,65535,0,255,811
@1600753421,1600753421,670046949,670046949,0,65535,0,65535,0,255,812
@1600753421,1600753421,3281732759,3281732759,0,65535,0,65535,0,255,813
@2941081600,2941082111,2941082912,2941082912,0,65535,0,65535,6,6,816
@2941081600,2941082111,614894781,614894781,0,65535,0,65535,6,6,817
@2941081600,2941082111,652751015,652751015,0,65535,0,65535,6,6,818
@1600753152,1600753663,2941601013,2941601013,0,65535,0,65535,6,6,826
@1600753152,1600753663,3238306952,3238306952,0,65535,0,65535,6,6,829
@1600753152,1600753663,3238307047,3238307047,0,65535,0,65535,6,6,830
@1600753152,1600753663,3234745476,3234745476,0,65535,0,65535,6,6,831
@1600753152,1600753663,3271331459,3271331459,0,65535,0,65535,6,6,832
@1600753441,1600753441,2652154624,2652154879,0,65535,0,65535,0,255,860
@2941081600,2941082111,615263428,615263428,0,65535,0,65535,0,255,865
@2941081600,2941082111,3281796542,3281796542,0,65535,0,65535,0,255,867
@0,4294967295,0,4294967295,0,65535,0,65535,0,255,916
#3,16
@2941081630,2941081630,2941082624,2941083647,0,65535,1490,1490,6,6,624
@2941081622,2941081623,2941082624,2941083647,0,65535,1707,1707,6,6,649
@2941081624,2941081624,615444446,615444446,0,65535,0,65535,6,6,704
@2941081600,2941082111,1600752121,1600752121,0,65535,0,65535,6,6,814
@2941081600,2941082111,670231706,670231706,0,65535,0,65535,6,6,820
@1600753152,1600753663,670046949,670046949,0,65535,0,65535,6,6,825
@1600753152,1600753663,3423460022,3423460022,0,65535,0,65535,6,6,827
@1600753152,1600753663,3281732759,3281732759,0,65535,0,65535,6,6,833
@1600753436,1600753439,3423476518,3423476518,0,65535,0,65535,0,255,854
@2941081600,2941082111,670231705,670231705,0,65535,0,65535,0,255,866
@1600753152,1600753663,3423476519,3423476519,0,65535,0,65535,0,255,869
@1600753152,1600753663,3278846765,3278846765,0,65535,0,65535,0,255,871
@2941081772,2941081772,1901345792,1901346815,0,65535,0,65535,0,255,873
@1600753152,1600753663,2941583360,2941648895,0,65535,0,65535,6,6,884
@2941081600,2941082111,536870912,570425343,0,65535,0,65535,6,6,902
@0,4294967295,0,4294967295,0,65535,0,65535,0,255,916
#4,5
@2941081848,2941081848,1600751616,1600752639,0,65535,1433,1433,6,6,622
@1600753434,1600753434,1600751616,1600752639,0,65535,1704,1704,6,6,642
@2941081850,2941081851,1600751616,1600752639,0,65535,32201,32201,6,6,648
@2941081852,2941081855,1600751616,1600752639,0,65535,0,65535,6,6,857
@0,4294967295,0,4294967295,0,65535,0,65535,0,255,916
#5,4
@1600753152,1600753663,3423476518,3423476518,0,65535,0,65535,6,6,828
@2941081848,2941081851,1600751616,1600752639,0,65535,0,65535,6,6,855
@2941081600,2941082111,603979776,671088639,0,65535,0,65535,6,6,903
@0,4294967295,0,4294967295,0,65535,0,65535,0,255,916
#6,4
@1600753152,1600753663,3423476518,3423476518,0,65535,0,65535,0,255,870
@1600753152,1600753663,1593835520,1610612735,0,65535,0,65535,6,6,899
@2941081600,2941082111,0,1073741823,0,65535,0,65535,6,6,906
@0,4294967295,0,4294967295,0,65535,0,65535,0,255,916
#7,4
@2941081600,2941082111,3221225472,4294967295,0,65535,0,65535,6,6,907
@1600753152,1600753663,2147483648,4294967295,0,65535,0,65535,6,6,908
@0,4294967295,0,4294967295,0,65535,0,65535,1,1,915
@0,4294967295,0,4294967295,0,65535,0,65535,0,255,916
#8,2
@2941081600,2941082111,0,4294967295,0,65535,0,65535,6,6,909
@0,4294967295,0,4294967295,0,65535,0,65535,0,255,916
