#0,515
@3413946928,3413946943,3413948352,3413948367,123,123,23,23,17,17,1
@98352176,98352191,104234464,104234479,67,67,25,25,17,17,5
@113018384,113018399,113017168,113017183,162,162,123,123,17,17,6
@113018384,113018399,1504866240,1504866255,750,750,123,123,17,17,7
@1101663040,1101663055,1110299856,1110299871,53,53,110,110,17,17,8
@3747586280,3747586280,2939578021,2939578021,1024,65535,80,80,17,17,9
@3517040598,3517040598,3517038843,3517038843,1024,65535,22,22,17,17,10
@3519023486,3519023486,3547686230,3547686230,1024,65535,69,69,17,17,11
@3413947269,3413947269,3371861582,3371861582,1024,65535,22,22,17,17,12
@3413936244,3413936244,3413937558,3413937558,1024,65535,123,123,17,17,13
@2939576491,2939576491,2939576506,2939576506,1024,65535,750,750,17,17,14
@2939576491,2939576491,2939578021,2939578021,1024,65535,161,161,17,17,15
@113018378,113018378,98351793,98351793,1024,65535,443,443,17,17,16
@113018378,113018378,113018028,113018028,1024,65535,25,25,17,17,17
@1082141920,1082141920,98351793,98351793,1024,65535,179,179,17,17,18
@1082141920,1082141920,1082141688,1082141688,1024,65535,22,22,17,17,19
@1101663048,1101663048,1110299786,1110299786,1024,65535,750,750,17,17,20
@1504864370,1504864370,1504865210,1504865210,1024,65535,22,22,17,17,21
@3519023486,3519023486,3705633606,3705633606,0,65535,161,161,6,6,22
@3519023320,3519023320,3519023298,3519023298,0,65535,69,69,6,6,23
@2939575018,2939575018,3517040556,3517040556,0,65535,544,544,6,6,24
@2939576491,2939576491,3517040556,3517040556,0,65535,110,110,6,6,25
@2939576491,2939576491,2939578021,2939578021,0,65535,67,67,6,6,26
@113018378,113018378,98351793,98351793,0,65535,119,119,6,6,27
@113018378,113018378,98351793,98351793,0,65535,1999,1999,6,6,28
@3519023115,3519023115,3519025026,3519025026,88,88,1024,65535,17,17,29
@2939576491,2939576491,2761641925,2761641925,53,53,1024,65535,17,17,31
@1082142139,1082142139,98351795,98351795,123,123,1024,65535,17,17,33
@1504864370,1504864370,1437313387,1437313387,750,750,1024,65535,17,17,34
@113018378,113018378,98351793,98351793,0,65535,53,53,17,17,35
@3395362467,3395362467,3395361545,3395361545,1024,65535,1024,65535,6,6,37
@2939574999,2939574999,3517040556,3517040556,1024,65535,1024,65535,6,6,38
@1312507218,1312507218,98351795,98351795,1024,65535,1024,65535,6,6,42
@1082141920,1082141920,98351793,98351793,1024,65535,1024,65535,6,6,43
@1101663048,1101663048,98351793,98351793,1024,65535,1024,65535,6,6,44
@1497532285,1497532285,98351793,98351793,1024,65535,1024,65535,6,6,45
@3413946930,3413946930,3371861655,3371861655,1024,65535,1024,65535,17,17,48
@2939575018,2939575018,2939575341,2939575341,1024,65535,1024,65535,17,17,49
@2939576491,2939576491,3517040556,3517040556,1024,65535,1024,65535,17,17,50
@2939576491,2939576491,2761641875,2761641875,1024,65535,1024,65535,17,17,51
@218299897,218299897,218300253,218300253,1024,65535,1024,65535,17,17,52
@229585495,229585495,98351793,98351793,1024,65535,1024,65535,17,17,53
@1101663042,1101663042,98351793,98351793,1024,65535,1024,65535,6,6,54
@1504864370,1504864370,1466375824,1466375824,1024,65535,1024,65535,17,17,55
@0,4294967295,98351795,98351795,53,53,25,25,17,17,63
@0,4294967295,1504865210,1504865210,53,53,80,80,17,17,64
@0,4294967295,1504865210,1504865210,7648,7648,123,123,17,17,65
@0,4294967295,1504866269,1504866269,750,750,25,25,17,17,66
@0,4294967295,1504866269,1504866269,69,69,179,179,17,17,67
@0,4294967295,2939576456,2939576456,7648,7648,67,67,17,17,68
@0,4294967295,2939578021,2939578021,161,161,119,119,17,17,69
@0,4294967295,2939578021,2939578021,24032,24032,25,25,17,17,70
@0,4294967295,3517038689,3517038689,123,123,22,22,17,17,71
@0,4294967295,3517038689,3517038689,53,53,123,123,17,17,72
@0,4294967295,3517040291,3517040291,123,123,5999,5999,17,17,73
@2939575020,2939575023,2939575039,2939575039,0,65535,0,65535,6,6,75
@2939575020,2939575023,2761641925,2761641925,0,65535,0,65535,6,6,76
@2939576492,2939576495,2761641875,2761641875,0,65535,0,65535,1,1,79
@3517040567,3517040567,3517040552,3517040555,0,65535,0,65535,6,6,83
@2939576491,2939576491,2900900292,2900900295,0,65535,0,65535,6,6,84
@2939576491,2939576491,2900900280,2900900283,0,65535,0,65535,6,6,85
@113018378,113018378,1504866264,1504866267,0,65535,0,65535,6,6,86
@1082142011,1082142011,98351796,98351799,0,65535,0,65535,6,6,87
@1504864370,1504864370,1504866264,1504866267,0,65535,0,65535,1,1,88
@1504864370,1504864370,98351796,98351799,0,65535,0,65535,6,6,89
@3519023116,3519023119,3519025024,3519025024,0,65535,0,65535,47,47,90
@2939574824,2939574827,2939575341,2939575341,0,65535,0,65535,47,47,92
@2939576492,2939576495,2907472622,2907472622,0,65535,0,65535,47,47,94
@3395362469,3395362469,3395361940,3395361943,0,65535,0,65535,47,47,97
@2939576491,2939576491,3517040552,3517040555,0,65535,0,65535,47,47,99
@1101663042,1101663042,1137285420,1137285423,0,65535,0,65535,47,47,100
@3517040292,3517040292,3517038816,3517038831,0,65535,0,65535,6,6,101
@113018378,113018378,113016944,113016959,0,65535,0,65535,6,6,105
@1101663048,1101663048,1101662400,1101662415,0,65535,0,65535,1,1,108
@3413946928,3413946943,3413946927,3413946927,0,65535,0,65535,1,1,109
@2939576496,2939576511,2761641875,2761641875,0,65535,0,65535,6,6,110
@113018384,113018399,113018380,113018380,0,65535,0,65535,6,6,112
@113018384,113018399,249383667,249383667,0,65535,0,65535,6,6,114
@1082142160,1082142175,1082141648,1082141648,0,65535,0,65535,6,6,115
@113018378,113018378,1504866240,1504866255,0,65535,0,65535,47,47,118
@1082141920,1082141920,1137285376,1137285391,0,65535,0,65535,47,47,120
@1504864370,1504864370,1504866240,1504866255,0,65535,0,65535,47,47,123
@3519023456,3519023471,3519025024,3519025024,0,65535,0,65535,47,47,124
@2939574832,2939574847,2900900679,2900900679,0,65535,0,65535,1,1,126
@113018384,113018399,249383619,249383619,0,65535,0,65535,47,47,128
@1101663056,1101663071,1219407663,1219407663,0,65535,0,65535,6,6,129
@1101663056,1101663071,1241795464,1241795464,0,65535,0,65535,47,47,130
@3519023334,3519023334,3705618432,3705620479,1024,65535,1024,65535,6,6,131
@3395362479,3395362479,3385255936,3385257983,1024,65535,1024,65535,6,6,133
@3395362465,3395362465,3373111296,3373113343,1024,65535,1024,65535,6,6,134
@1504864370,1504864370,1412968448,1412970495,1024,65535,1024,65535,6,6,144
@3722366958,3722366958,3722364928,3722366975,1024,65535,1024,65535,17,17,145
@113018378,113018378,113017184,113017187,0,65535,0,65535,0,255,152
@0,4294967295,98342345,98342345,0,65535,443,443,6,6,153
@0,4294967295,98342345,98342345,0,65535,7648,7648,6,6,154
@0,4294967295,98342345,98342345,0,65535,22,22,6,6,155
@0,4294967295,98342345,98342345,0,65535,5999,5999,6,6,156
@0,4294967295,98342345,98342345,0,65535,544,544,6,6,157
@0,4294967295,98342345,98342345,0,65535,69,69,6,6,158
@0,4294967295,98342344,98342344,0,65535,179,179,6,6,159
@0,4294967295,98342344,98342344,0,65535,2105,2105,6,6,160
@0,4294967295,98342344,98342344,0,65535,123,123,6,6,161
@0,4294967295,98342344,98342344,0,65535,21,21,6,6,162
@0,4294967295,98342344,98342344,0,65535,544,544,6,6,163
@0,4294967295,98342344,98342344,0,65535,23,23,6,6,164
@0,4294967295,98342347,98342347,0,65535,22,22,6,6,165
@0,4294967295,98342347,98342347,0,65535,21,21,6,6,166
@0,4294967295,98342347,98342347,0,65535,53,53,6,6,167
@0,4294967295,98342347,98342347,0,65535,161,161,6,6,168
@0,4294967295,98342347,98342347,0,65535,25,25,6,6,169
@0,4294967295,98342347,98342347,0,65535,110,110,6,6,170
@0,4294967295,98342347,98342347,0,65535,119,119,6,6,171
@0,4294967295,98342347,98342347,0,65535,443,443,6,6,172
@0,4294967295,98342347,98342347,0,65535,67,67,6,6,173
@0,4294967295,98342347,98342347,0,65535,37,37,6,6,174
@0,4294967295,98342347,98342347,0,65535,80,80,6,6,175
@0,4294967295,98351909,98351909,0,65535,22,22,6,6,176
@0,4294967295,98351909,98351909,0,65535,53,53,6,6,177
@0,4294967295,98351909,98351909,0,65535,123,123,6,6,178
@0,4294967295,98351909,98351909,0,65535,80,80,6,6,179
@0,4294967295,98351909,98351909,0,65535,443,443,6,6,180
@0,4294967295,98351909,98351909,0,65535,69,69,6,6,181
@0,4294967295,98351909,98351909,0,65535,23,23,6,6,182
@0,4294967295,98351909,98351909,0,65535,8080,8080,6,6,183
@0,4294967295,98351909,98351909,0,65535,25,25,6,6,184
@0,4294967295,98351909,98351909,0,65535,88,88,6,6,185
@0,4294967295,98351728,98351728,0,65535,53,53,6,6,186
@0,4294967295,98351732,98351732,0,65535,80,80,6,6,187
@0,4294967295,98351680,98351680,0,65535,750,750,6,6,188
@0,4294967295,98351700,98351700,0,65535,544,544,6,6,189
@0,4294967295,98351650,98351650,0,65535,750,750,6,6,190
@0,4294967295,98351649,98351649,0,65535,88,88,6,6,191
@0,4294967295,98351648,98351648,0,65535,80,80,6,6,192
@0,4294967295,98351635,98351635,0,65535,161,161,6,6,193
@0,4294967295,98351635,98351635,0,65535,750,750,6,6,194
@0,4294967295,98351635,98351635,0,65535,53,53,6,6,195
@0,4294967295,98351635,98351635,0,65535,113,113,6,6,196
@0,4294967295,98351635,98351635,0,65535,22,22,6,6,197
@0,4294967295,98351635,98351635,0,65535,25,25,6,6,198
@0,4294967295,98351840,98351840,0,65535,123,123,6,6,199
@0,4294967295,98351840,98351840,0,65535,754,754,6,6,200
@0,4294967295,98351840,98351840,0,65535,22,22,6,6,201
@0,4294967295,98351845,98351845,0,65535,544,544,6,6,202
@0,4294967295,98351845,98351845,0,65535,24032,24032,6,6,203
@0,4294967295,98351845,98351845,0,65535,53,53,6,6,204
@0,4294967295,98351845,98351845,0,65535,37,37,6,6,205
@0,4294967295,98351845,98351845,0,65535,119,119,6,6,206
@0,4294967295,98351760,98351760,0,65535,139,139,6,6,207
@0,4294967295,98351760,98351760,0,65535,137,137,6,6,208
@0,4294967295,98351764,98351764,0,65535,22,22,6,6,209
@0,4294967295,98351795,98351795,0,65535,80,80,6,6,210
@0,4294967295,98351795,98351795,0,65535,22,22,6,6,211
@0,4294967295,98351795,98351795,0,65535,25,25,6,6,212
@0,4294967295,1527039761,1527039761,0,65535,754,754,6,6,213
@0,4294967295,1527039794,1527039794,0,65535,123,123,6,6,214
@0,4294967295,1527039794,1527039794,0,65535,53,53,6,6,215
@0,4294967295,1498231307,1498231307,0,65535,22,22,6,6,216
@0,4294967295,1504865172,1504865172,0,65535,22,22,6,6,217
@0,4294967295,1504865172,1504865172,0,65535,21,21,6,6,218
@0,4294967295,1504865172,1504865172,0,65535,80,80,6,6,219
@0,4294967295,1504865172,1504865172,0,65535,23,23,6,6,220
@0,4294967295,1504865155,1504865155,0,65535,53,53,6,6,221
@0,4294967295,1504865157,1504865157,0,65535,5999,5999,6,6,222
@0,4294967295,1504865157,1504865157,0,65535,22,22,6,6,223
@0,4294967295,1504865158,1504865158,0,65535,123,123,6,6,224
@0,4294967295,1504865158,1504865158,0,65535,53,53,6,6,225
@0,4294967295,1504865206,1504865206,0,65535,119,119,6,6,226
@0,4294967295,1504865206,1504865206,0,65535,110,110,6,6,227
@0,4294967295,1504865206,1504865206,0,65535,23,23,6,6,228
@0,4294967295,1504865206,1504865206,0,65535,179,179,6,6,229
@0,4294967295,1504865204,1504865204,0,65535,179,179,6,6,230
@0,4294967295,1504865204,1504865204,0,65535,110,110,6,6,231
@0,4294967295,1504865204,1504865204,0,65535,8080,8080,6,6,232
@0,4294967295,1504865204,1504865204,0,65535,22,22,6,6,233
@0,4294967295,1504865204,1504865204,0,65535,53,53,6,6,234
@0,4294967295,1504865210,1504865210,0,65535,80,80,6,6,235
@0,4294967295,1504865210,1504865210,0,65535,53,53,6,6,236
@0,4294967295,1504865210,1504865210,0,65535,22,22,6,6,237
@0,4294967295,1504865210,1504865210,0,65535,21,21,6,6,238
@0,4294967295,1504865210,1504865210,0,65535,123,123,6,6,239
@0,4294967295,1504865210,1504865210,0,65535,119,119,6,6,240
@0,4294967295,1504865210,1504865210,0,65535,25,25,6,6,241
@0,4294967295,1504865210,1504865210,0,65535,750,750,6,6,242
@0,4294967295,1504866212,1504866212,0,65535,754,754,6,6,243
@0,4294967295,1504866212,1504866212,0,65535,2105,2105,6,6,244
@0,4294967295,1504866212,1504866212,0,65535,22,22,6,6,245
@0,4294967295,1504866212,1504866212,0,65535,8080,8080,6,6,246
@0,4294967295,1504866212,1504866212,0,65535,5999,5999,6,6,247
@0,4294967295,1504866212,1504866212,0,65535,179,179,6,6,248
@0,4294967295,1504866212,1504866212,0,65535,7326,7326,6,6,249
@0,4294967295,1504866212,1504866212,0,65535,25,25,6,6,250
@0,4294967295,1504866212,1504866212,0,65535,123,123,6,6,251
@0,4294967295,1504866212,1504866212,0,65535,113,113,6,6,252
@0,4294967295,1504866212,1504866212,0,65535,443,443,6,6,253
@0,4294967295,1504866212,1504866212,0,65535,80,80,6,6,254
@0,4294967295,1504866212,1504866212,0,65535,119,119,6,6,255
@0,4294967295,1504866284,1504866284,0,65535,7649,7649,6,6,256
@0,4294967295,1504866284,1504866284,0,65535,119,119,6,6,257
@0,4294967295,1504866280,1504866280,0,65535,2105,2105,6,6,258
@0,4294967295,1504866280,1504866280,0,65535,22,22,6,6,259
@0,4294967295,1504866293,1504866293,0,65535,443,443,6,6,260
@0,4294967295,1504866297,1504866297,0,65535,25,25,6,6,261
@0,4294967295,1504866297,1504866297,0,65535,2105,2105,6,6,262
@0,4294967295,1504866300,1504866300,0,65535,25,25,6,6,263
@0,4294967295,1504866300,1504866300,0,65535,123,123,6,6,264
@0,4294967295,1504866300,1504866300,0,65535,80,80,6,6,265
@0,4294967295,1504866300,1504866300,0,65535,544,544,6,6,266
@0,4294967295,1504866300,1504866300,0,65535,22,22,6,6,267
@0,4294967295,1504866269,1504866269,0,65535,873,873,6,6,268
@0,4294967295,1504866269,1504866269,0,65535,871,871,6,6,269
@0,4294967295,1504866269,1504866269,0,65535,443,443,6,6,270
@0,4294967295,1504866269,1504866269,0,65535,22,22,6,6,271
@0,4294967295,1504866269,1504866269,0,65535,7648,7648,6,6,272
@0,4294967295,1504866269,1504866269,0,65535,80,80,6,6,273
@0,4294967295,1504866269,1504866269,0,65535,25,25,6,6,274
@0,4294967295,1504866269,1504866269,0,65535,110,110,6,6,275
@0,4294967295,1504866269,1504866269,0,65535,754,754,6,6,276
@0,4294967295,1504866269,1504866269,0,65535,23,23,6,6,277
@0,4294967295,1504866269,1504866269,0,65535,161,161,6,6,278
@0,4294967295,1504866269,1504866269,0,65535,53,53,6,6,279
@0,4294967295,1504866269,1504866269,0,65535,67,67,6,6,280
@0,4294967295,1504866269,1504866269,0,65535,21,21,6,6,281
@0,4294967295,1504866269,1504866269,0,65535,143,143,6,6,282
@0,4294967295,1504866269,1504866269,0,65535,5999,5999,6,6,283
@0,4294967295,1504866269,1504866269,0,65535,37,37,6,6,284
@0,4294967295,1504866269,1504866269,0,65535,119,119,6,6,285
@0,4294967295,1504866269,1504866269,0,65535,138,138,6,6,286
@0,4294967295,2939575260,2939575260,0,65535,53,53,6,6,287
@0,4294967295,2939575260,2939575260,0,65535,22,22,6,6,288
@0,4294967295,2939575262,2939575262,0,65535,88,88,6,6,289
@0,4294967295,2939575262,2939575262,0,65535,138,138,6,6,290
@0,4294967295,2939575032,2939575032,0,65535,22,22,6,6,291
@0,4294967295,2939574838,2939574838,0,65535,750,750,6,6,293
@0,4294967295,2939574846,2939574846,0,65535,750,750,6,6,294
@0,4294967295,2939574846,2939574846,0,65535,22,22,6,6,295
@0,4294967295,2939575698,2939575698,0,65535,179,179,6,6,296
@0,4294967295,2939575698,2939575698,0,65535,161,161,6,6,297
@0,4294967295,2939575698,2939575698,0,65535,750,750,6,6,298
@0,4294967295,2939575698,2939575698,0,65535,22,22,6,6,299
@0,4294967295,2939575698,2939575698,0,65535,25,25,6,6,300
@0,4294967295,2939575460,2939575460,0,65535,8080,8080,6,6,301
@0,4294967295,2939575460,2939575460,0,65535,21,21,6,6,302
@0,4294967295,2939575460,2939575460,0,65535,143,143,6,6,303
@0,4294967295,2939575460,2939575460,0,65535,13,13,6,6,304
@0,4294967295,2939575342,2939575342,0,65535,53,53,6,6,305
@0,4294967295,2939575342,2939575342,0,65535,22,22,6,6,306
@0,4294967295,2939575342,2939575342,0,65535,750,750,6,6,307
@0,4294967295,2939575342,2939575342,0,65535,25,25,6,6,308
@0,4294967295,2939575342,2939575342,0,65535,21,21,6,6,309
@0,4294967295,2939575340,2939575340,0,65535,123,123,6,6,310
@0,4294967295,2939575340,2939575340,0,65535,24032,24032,6,6,311
@0,4294967295,2939575341,2939575341,0,65535,443,443,6,6,312
@0,4294967295,2939576459,2939576459,0,65535,80,80,6,6,313
@0,4294967295,2939576459,2939576459,0,65535,53,53,6,6,314
@0,4294967295,2939576456,2939576456,0,65535,110,110,6,6,315
@0,4294967295,2939576505,2939576505,0,65535,25,25,6,6,316
@0,4294967295,2939576505,2939576505,0,65535,123,123,6,6,317
@0,4294967295,2939576505,2939576505,0,65535,88,88,6,6,318
@0,4294967295,2939576505,2939576505,0,65535,544,544,6,6,319
@0,4294967295,2939576506,2939576506,0,65535,25,25,6,6,320
@0,4294967295,2939576506,2939576506,0,65535,22,22,6,6,321
@0,4294967295,2939576506,2939576506,0,65535,23,23,6,6,322
@0,4294967295,2939576506,2939576506,0,65535,2055,2055,6,6,323
@0,4294967295,2939576506,2939576506,0,65535,123,123,6,6,324
@0,4294967295,2939576506,2939576506,0,65535,2105,2105,6,6,325
@0,4294967295,2939576506,2939576506,0,65535,750,750,6,6,326
@0,4294967295,2939576506,2939576506,0,65535,5999,5999,6,6,327
@0,4294967295,2939576506,2939576506,0,65535,80,80,6,6,328
@0,4294967295,2939578025,2939578025,0,65535,53,53,6,6,329
@0,4294967295,2939578025,2939578025,0,65535,25,25,6,6,330
@0,4294967295,2939578025,2939578025,0,65535,22,22,6,6,331
@0,4294967295,2939578025,2939578025,0,65535,80,80,6,6,332
@0,4294967295,2939578029,2939578029,0,65535,22,22,6,6,333
@0,4294967295,2939578028,2939578028,0,65535,67,67,6,6,334
@0,4294967295,2939578030,2939578030,0,65535,8080,8080,6,6,335
@0,4294967295,2939578031,2939578031,0,65535,123,123,6,6,336
@0,4294967295,2939578021,2939578021,0,65535,22,22,6,6,337
@0,4294967295,2939578021,2939578021,0,65535,7648,7648,6,6,338
@0,4294967295,2939578021,2939578021,0,65535,754,754,6,6,339
@0,4294967295,2939578021,2939578021,0,65535,25,25,6,6,340
@0,4294967295,2939578021,2939578021,0,65535,879,879,6,6,341
@0,4294967295,2939578021,2939578021,0,65535,161,161,6,6,342
@0,4294967295,2939578021,2939578021,0,65535,80,80,6,6,343
@0,4294967295,2939578021,2939578021,0,65535,119,119,6,6,344
@0,4294967295,2939578021,2939578021,0,65535,24032,24032,6,6,345
@0,4294967295,2939578021,2939578021,0,65535,69,69,6,6,346
@0,4294967295,2939578021,2939578021,0,65535,53,53,6,6,347
@0,4294967295,2939578021,2939578021,0,65535,1999,1999,6,6,348
@0,4294967295,2939578021,2939578021,0,65535,873,873,6,6,349
@0,4294967295,3526964540,3526964540,0,65535,80,80,6,6,350
@0,4294967295,3526964874,3526964874,0,65535,25,25,6,6,351
@0,4294967295,3547686268,3547686268,0,65535,22,22,6,6,352
@0,4294967295,3517053071,3517053071,0,65535,22,22,6,6,353
@0,4294967295,3517053071,3517053071,0,65535,123,123,6,6,354
@0,4294967295,3517053071,3517053071,0,65535,2105,2105,6,6,355
@0,4294967295,3517053071,3517053071,0,65535,544,544,6,6,356
@0,4294967295,3517053071,3517053071,0,65535,69,69,6,6,357
@0,4294967295,3517053067,3517053067,0,65535,22,22,6,6,358
@0,4294967295,3517053067,3517053067,0,65535,88,88,6,6,359
@0,4294967295,3517053067,3517053067,0,65535,25,25,6,6,360
@0,4294967295,3517053067,3517053067,0,65535,80,80,6,6,361
@0,4294967295,3517053065,3517053065,0,65535,22,22,6,6,362
@0,4294967295,3517053065,3517053065,0,65535,53,53,6,6,363
@0,4294967295,3517053064,3517053064,0,65535,22,22,6,6,364
@0,4294967295,3517053064,3517053064,0,65535,37,37,6,6,365
@0,4294967295,3517053064,3517053064,0,65535,23,23,6,6,366
@0,4294967295,3517052967,3517052967,0,65535,22,22,6,6,367
@0,4294967295,3517052967,3517052967,0,65535,113,113,6,6,368
@0,4294967295,3517052967,3517052967,0,65535,53,53,6,6,369
@0,4294967295,3517052967,3517052967,0,65535,123,123,6,6,370
@0,4294967295,3517052988,3517052988,0,65535,544,544,6,6,371
@0,4294967295,3517052988,3517052988,0,65535,22,22,6,6,372
@0,4294967295,3517052988,3517052988,0,65535,53,53,6,6,373
@0,4294967295,3517052988,3517052988,0,65535,143,143,6,6,374
@0,4294967295,3517052988,3517052988,0,65535,2105,2105,6,6,375
@0,4294967295,3517052988,3517052988,0,65535,119,119,6,6,376
@0,4294967295,3517052987,3517052987,0,65535,24032,24032,6,6,377
@0,4294967295,3517052987,3517052987,0,65535,161,161,6,6,378
@0,4294967295,3517052987,3517052987,0,65535,53,53,6,6,379
@0,4294967295,3517052984,3517052984,0,65535,123,123,6,6,380
@0,4294967295,3517052984,3517052984,0,65535,25,25,6,6,381
@0,4294967295,3517052984,3517052984,0,65535,80,80,6,6,382
@0,4294967295,3517052984,3517052984,0,65535,161,161,6,6,383
@0,4294967295,3517038600,3517038600,0,65535,25,25,6,6,384
@0,4294967295,3517038600,3517038600,0,65535,53,53,6,6,385
@0,4294967295,3517038601,3517038601,0,65535,25,25,6,6,386
@0,4294967295,3517038601,3517038601,0,65535,80,80,6,6,387
@0,4294967295,3517038665,3517038665,0,65535,25,25,6,6,388
@0,4294967295,3517038664,3517038664,0,65535,21,21,6,6,389
@0,4294967295,3517038689,3517038689,0,65535,138,138,6,6,390
@0,4294967295,3517038689,3517038689,0,65535,53,53,6,6,391
@0,4294967295,3517038689,3517038689,0,65535,22,22,6,6,392
@0,4294967295,3517038838,3517038838,0,65535,119,119,6,6,393
@0,4294967295,3517038838,3517038838,0,65535,2055,2055,6,6,394
@0,4294967295,3517038838,3517038838,0,65535,25,25,6,6,395
@0,4294967295,3517038838,3517038838,0,65535,123,123,6,6,396
@0,4294967295,3517038838,3517038838,0,65535,179,179,6,6,397
@0,4294967295,3517038843,3517038843,0,65535,25,25,6,6,398
@0,4294967295,3517038843,3517038843,0,65535,22,22,6,6,399
@0,4294967295,3517038843,3517038843,0,65535,7648,7648,6,6,400
@0,4294967295,3517038843,3517038843,0,65535,23,23,6,6,401
@0,4294967295,3517038843,3517038843,0,65535,139,139,6,6,402
@0,4294967295,3517038843,3517038843,0,65535,80,80,6,6,403
@0,4294967295,3517040201,3517040201,0,65535,750,750,6,6,404
@0,4294967295,3517040202,3517040202,0,65535,754,754,6,6,405
@0,4294967295,3517040202,3517040202,0,65535,53,53,6,6,406
@0,4294967295,3517040205,3517040205,0,65535,53,53,6,6,407
@0,4294967295,3517040205,3517040205,0,65535,22,22,6,6,408
@0,4294967295,3517040206,3517040206,0,65535,2105,2105,6,6,409
@0,4294967295,3517040309,3517040309,0,65535,25,25,6,6,410
@0,4294967295,3517040309,3517040309,0,65535,544,544,6,6,411
@0,4294967295,3517040288,3517040288,0,65535,22,22,6,6,412
@0,4294967295,3517040288,3517040288,0,65535,544,544,6,6,413
@0,4294967295,3517040295,3517040295,0,65535,119,119,6,6,414
@0,4294967295,3517040292,3517040292,0,65535,750,750,6,6,415
@0,4294967295,3517040292,3517040292,0,65535,22,22,6,6,416
@0,4294967295,3517040629,3517040629,0,65535,24032,24032,6,6,417
@0,4294967295,3517040624,3517040624,0,65535,25,25,6,6,418
@0,4294967295,3517040586,3517040586,0,65535,138,138,6,6,419
@0,4294967295,3517040587,3517040587,0,65535,24032,24032,6,6,420
@0,4294967295,3517040584,3517040584,0,65535,123,123,6,6,421
@0,4294967295,3517040606,3517040606,0,65535,544,544,6,6,422
@0,4294967295,3517040606,3517040606,0,65535,22,22,6,6,423
@0,4294967295,3517040607,3517040607,0,65535,53,53,6,6,424
@0,4294967295,3517040605,3517040605,0,65535,69,69,6,6,425
@0,4294967295,3517040530,3517040530,0,65535,25,25,6,6,426
@0,4294967295,3517040528,3517040528,0,65535,80,80,6,6,427
@0,4294967295,3517040534,3517040534,0,65535,67,67,6,6,428
@0,4294967295,3517040534,3517040534,0,65535,1999,1999,6,6,429
@0,4294967295,3517040532,3517040532,0,65535,750,750,6,6,430
@0,4294967295,3517040532,3517040532,0,65535,80,80,6,6,431
@0,4294967295,3517040532,3517040532,0,65535,1999,1999,6,6,432
@0,4294967295,3517040545,3517040545,0,65535,123,123,6,6,433
@0,4294967295,3517040545,3517040545,0,65535,25,25,6,6,434
@0,4294967295,3517040545,3517040545,0,65535,24032,24032,6,6,435
@0,4294967295,3517040549,3517040549,0,65535,67,67,6,6,436
@0,4294967295,3517040549,3517040549,0,65535,53,53,6,6,437
@0,4294967295,3517040549,3517040549,0,65535,123,123,6,6,438
@0,4294967295,3517040556,3517040556,0,65535,25,25,6,6,439
@0,4294967295,3517040556,3517040556,0,65535,53,53,6,6,440
@0,4294967295,3517040556,3517040556,0,65535,443,443,6,6,441
@0,4294967295,98342347,98342347,1024,65535,22,22,17,17,451
@0,4294967295,1504865155,1504865155,1024,65535,22,22,17,17,452
@0,4294967295,1504866269,1504866269,1024,65535,25,25,17,17,453
@0,4294967295,2939578031,2939578031,1024,65535,22,22,17,17,454
@0,4294967295,2939578031,2939578031,1024,65535,13,13,17,17,455
@0,4294967295,3517052987,3517052987,1024,65535,2055,2055,17,17,456
@0,4294967295,98342345,98342345,0,65535,80,80,17,17,468
@0,4294967295,98342345,98342345,0,65535,25,25,17,17,469
@0,4294967295,98342344,98342344,0,65535,750,750,17,17,470
@0,4294967295,98342344,98342344,0,65535,25,25,17,17,471
@0,4294967295,98342344,98342344,0,65535,22,22,17,17,472
@0,4294967295,98342347,98342347,0,65535,67,67,17,17,473
@0,4294967295,98342347,98342347,0,65535,179,179,17,17,474
@0,4294967295,98342347,98342347,0,65535,53,53,17,17,475
@0,4294967295,98342347,98342347,0,65535,88,88,17,17,476
@0,4294967295,98351909,98351909,0,65535,80,80,17,17,477
@0,4294967295,98351909,98351909,0,65535,25,25,17,17,478
@0,4294967295,98351909,98351909,0,65535,22,22,17,17,479
@0,4294967295,98351909,98351909,0,65535,544,544,17,17,480
@0,4294967295,98351683,98351683,0,65535,22,22,17,17,481
@0,4294967295,98351709,98351709,0,65535,113,113,17,17,482
@0,4294967295,98351700,98351700,0,65535,750,750,17,17,483
@0,4294967295,98351635,98351635,0,65535,80,80,17,17,484
@0,4294967295,98351635,98351635,0,65535,871,871,17,17,485
@0,4294967295,98351635,98351635,0,65535,22,22,17,17,486
@0,4294967295,98351845,98351845,0,65535,67,67,17,17,487
@0,4294967295,98351760,98351760,0,65535,80,80,17,17,488
@0,4294967295,98351766,98351766,0,65535,22,22,17,17,489
@0,4294967295,1527039794,1527039794,0,65535,22,22,17,17,490
@0,4294967295,1504865157,1504865157,0,65535,53,53,17,17,492
@0,4294967295,1504865206,1504865206,0,65535,80,80,17,17,493
@0,4294967295,1504865206,1504865206,0,65535,25,25,17,17,494
@0,4294967295,1504865204,1504865204,0,65535,179,179,17,17,495
@0,4294967295,1504865204,1504865204,0,65535,544,544,17,17,496
@0,4294967295,1504865210,1504865210,0,65535,8080,8080,17,17,497
@0,4294967295,1504865210,1504865210,0,65535,879,879,17,17,498
@0,4294967295,1504865210,1504865210,0,65535,21,21,17,17,499
@0,4294967295,1504865210,1504865210,0,65535,37,37,17,17,500
@0,4294967295,1504865210,1504865210,0,65535,119,119,17,17,501
@0,4294967295,1504866212,1504866212,0,65535,161,161,17,17,502
@0,4294967295,1504866212,1504866212,0,65535,25,25,17,17,503
@0,4294967295,1504866212,1504866212,0,65535,179,179,17,17,504
@0,4294967295,1504866212,1504866212,0,65535,5999,5999,17,17,505
@0,4294967295,1504866212,1504866212,0,65535,2105,2105,17,17,506
@0,4294967295,1504866212,1504866212,0,65535,80,80,17,17,507
@0,4294967295,1504866283,1504866283,0,65535,23,23,17,17,508
@0,4294967295,1504866293,1504866293,0,65535,21,21,17,17,509
@0,4294967295,1504866293,1504866293,0,65535,123,123,17,17,510
@0,4294967295,1504866297,1504866297,0,65535,1999,1999,17,17,511
@0,4294967295,1504866269,1504866269,0,65535,22,22,17,17,513
@0,4294967295,1504866269,1504866269,0,65535,80,80,17,17,514
@0,4294967295,1504866269,1504866269,0,65535,123,123,17,17,515
@0,4294967295,1504866269,1504866269,0,65535,8080,8080,6,6,516
@0,4294967295,1504866269,1504866269,0,65535,53,53,17,17,517
@0,4294967295,2939575262,2939575262,0,65535,22,22,17,17,518
@0,4294967295,2939574839,2939574839,0,65535,80,80,17,17,519
@0,4294967295,2939574846,2939574846,0,65535,80,80,17,17,520
@0,4294967295,2939574846,2939574846,0,65535,2105,2105,17,17,521
@0,4294967295,2939575698,2939575698,0,65535,53,53,6,6,522
@0,4294967295,2939575698,2939575698,0,65535,123,123,17,17,523
@0,4294967295,2939575460,2939575460,0,65535,544,544,17,17,524
@0,4294967295,2939575460,2939575460,0,65535,22,22,17,17,525
@0,4294967295,2939575460,2939575460,0,65535,443,443,17,17,526
@0,4294967295,2939575340,2939575340,0,65535,22,22,17,17,527
@0,4294967295,2939575340,2939575340,0,65535,53,53,17,17,528
@0,4294967295,2939576459,2939576459,0,65535,22,22,6,6,529
@0,4294967295,2939576456,2939576456,0,65535,754,754,6,6,530
@0,4294967295,2939576456,2939576456,0,65535,53,53,17,17,531
@0,4294967295,2939576505,2939576505,0,65535,25,25,17,17,532
@0,4294967295,2939576505,2939576505,0,65535,37,37,17,17,533
@0,4294967295,2939576505,2939576505,0,65535,22,22,17,17,534
@0,4294967295,2939576505,2939576505,0,65535,21,21,17,17,535
@0,4294967295,2939576505,2939576505,0,65535,113,113,17,17,536
@0,4294967295,2939576505,2939576505,0,65535,53,53,17,17,537
@0,4294967295,2939576506,2939576506,0,65535,1999,1999,17,17,538
@0,4294967295,2939576506,2939576506,0,65535,22,22,17,17,539
@0,4294967295,2939578029,2939578029,0,65535,119,119,17,17,540
@0,4294967295,2939578021,2939578021,0,65535,22,22,17,17,544
@0,4294967295,2939578021,2939578021,0,65535,21,21,17,17,545
@0,4294967295,2939578021,2939578021,0,65535,37,37,17,17,546
@0,4294967295,3517053071,3517053071,0,65535,24032,24032,17,17,547
@0,4294967295,3517053067,3517053067,0,65535,21,21,17,17,548
@0,4294967295,3517052967,3517052967,0,65535,123,123,17,17,549
@0,4294967295,3517052967,3517052967,0,65535,22,22,17,17,550
@0,4294967295,3517052967,3517052967,0,65535,2105,2105,17,17,551
@0,4294967295,3517052988,3517052988,0,65535,80,80,17,17,552
@0,4294967295,3517052987,3517052987,0,65535,161,161,17,17,553
@0,4294967295,3517052987,3517052987,0,65535,80,80,17,17,554
@0,4294967295,3517052984,3517052984,0,65535,7648,7648,17,17,555
@0,4294967295,3517052984,3517052984,0,65535,25,25,17,17,556
@0,4294967295,3517052984,3517052984,0,65535,22,22,17,17,557
@0,4294967295,3517052984,3517052984,0,65535,110,110,17,17,558
@0,4294967295,3517039458,3517039458,0,65535,1999,1999,17,17,559
@0,4294967295,3517039458,3517039458,0,65535,110,110,17,17,560
@0,4294967295,3517038689,3517038689,0,65535,37,37,17,17,561
@0,4294967295,3517038689,3517038689,0,65535,88,88,17,17,562
@0,4294967295,3517038838,3517038838,0,65535,53,53,17,17,563
@0,4294967295,3517038838,3517038838,0,65535,22,22,17,17,564
@0,4294967295,3517038843,3517038843,0,65535,179,179,17,17,565
@0,4294967295,3517038843,3517038843,0,65535,123,123,17,17,566
@0,4294967295,3517038843,3517038843,0,65535,7648,7648,17,17,567
@0,4294967295,3517038843,3517038843,0,65535,5999,5999,17,17,569
@0,4294967295,3517038843,3517038843,0,65535,750,750,17,17,570
@0,4294967295,3517040206,3517040206,0,65535,22,22,17,17,571
@0,4294967295,3517040305,3517040305,0,65535,53,53,6,6,572
@0,4294967295,3517040629,3517040629,0,65535,24032,24032,17,17,573
@0,4294967295,3517040605,3517040605,0,65535,5998,5998,6,6,574
@0,4294967295,3517040605,3517040605,0,65535,123,123,17,17,575
@0,4294967295,3517040530,3517040530,0,65535,22,22,6,6,576
@0,4294967295,3517040529,3517040529,0,65535,5998,5998,17,17,577
@0,4294967295,3517040549,3517040549,0,65535,22,22,17,17,578
@0,4294967295,3517040556,3517040556,0,65535,22,22,6,6,579
@0,4294967295,3517040556,3517040556,0,65535,80,80,17,17,580
@0,4294967295,3517040556,3517040556,0,65535,22,22,17,17,581
@0,4294967295,1504865155,1504865155,123,123,0,65535,17,17,644
@0,4294967295,2939575039,2939575039,161,161,0,65535,17,17,646
@0,4294967295,2939578030,2939578030,69,69,0,65535,17,17,648
@0,4294967295,3517053065,3517053065,162,162,0,65535,17,17,649
@0,4294967295,98342347,98342347,1024,65535,1024,65535,6,6,653
@0,4294967295,98351764,98351764,1024,65535,1024,65535,6,6,655
@0,4294967295,2939575698,2939575698,1024,65535,1024,65535,6,6,659
@0,4294967295,2939578025,2939578025,1024,65535,1024,65535,6,6,660
@0,4294967295,2939578028,2939578028,1024,65535,1024,65535,6,6,661
@0,4294967295,3517038665,3517038665,1024,65535,1024,65535,6,6,664
@0,4294967295,3517040305,3517040305,1024,65535,1024,65535,6,6,665
@0,4294967295,3517040291,3517040291,1024,65535,1024,65535,6,6,666
@0,4294967295,98342347,98342347,1024,65535,1024,65535,17,17,686
@0,4294967295,98351635,98351635,1024,65535,1024,65535,17,17,688
@0,4294967295,98351840,98351840,1024,65535,1024,65535,17,17,689
@0,4294967295,1504866293,1504866293,1024,65535,1024,65535,17,17,690
@0,4294967295,2939575698,2939575698,1024,65535,1024,65535,17,17,692
@0,4294967295,3517040201,3517040201,1024,65535,1024,65535,17,17,695
@0,4294967295,3517040294,3517040294,0,65535,0,65535,47,47,699
@0,4294967295,0,4294967295,0,65535,0,65535,0,255,791
#1,142
@3517040304,3517040319,3517040288,3517040303,88,88,80,80,17,17,0
@2939575024,2939575039,3517040544,3517040559,53,53,21,21,17,17,2
@2939576496,2939576511,3517040544,3517040559,123,123,544,544,17,17,3
@98352560,98352575,98351792,98351807,750,750,123,123,17,17,4
@3395362465,3395362465,2939578021,2939578021,750,750,1024,65535,17,17,30
@113018378,113018378,1504866269,1504866269,123,123,1024,65535,17,17,32
@3395362738,3395362738,2939578021,2939578021,1024,65535,1024,65535,6,6,36
@3395362738,3395362738,2939578021,2939578021,1024,65535,1024,65535,17,17,47
@3519023115,3519023115,0,4294967295,88,88,80,80,17,17,56
@3395362479,3395362479,0,4294967295,24032,24032,22,22,17,17,57
@3395362469,3395362469,0,4294967295,123,123,139,139,17,17,58
@2939576491,2939576491,0,4294967295,53,53,179,179,17,17,59
@2939576491,2939576491,0,4294967295,88,88,750,750,17,17,60
@1101663042,1101663042,0,4294967295,53,53,67,67,17,17,61
@1504864370,1504864370,0,4294967295,53,53,161,161,17,17,62
@3517053588,3517053591,2939578021,2939578021,0,65535,0,65535,1,1,74
@2939576492,2939576495,3517040556,3517040556,0,65535,0,65535,6,6,77
@2939576492,2939576495,2939578021,2939578021,0,65535,0,65535,6,6,78
@113018380,113018383,1504866269,1504866269,0,65535,0,65535,6,6,80
@1312507220,1312507223,98351795,98351795,0,65535,0,65535,6,6,81
@1504864372,1504864375,1504866269,1504866269,0,65535,0,65535,1,1,82
@2939574824,2939574827,3517040556,3517040556,0,65535,0,65535,47,47,91
@2939574820,2939574823,2939574846,2939574846,0,65535,0,65535,47,47,93
@113018380,113018383,1504866269,1504866269,0,65535,0,65535,47,47,95
@1504864372,1504864375,1504865210,1504865210,0,65535,0,65535,6,6,96
@2939574831,2939574831,2939575340,2939575343,0,65535,0,65535,47,47,98
@218291492,218291492,249383664,249383679,0,65535,0,65535,6,6,103
@229585508,229585508,98351792,98351807,0,65535,0,65535,6,6,104
@1082142002,1082142002,98351792,98351807,0,65535,0,65535,1,1,107
@87050624,87050639,1504866269,1504866269,0,65535,0,65535,6,6,111
@113018384,113018399,1504866269,1504866269,0,65535,0,65535,6,6,113
@3519023486,3519023486,2939578016,2939578031,0,65535,0,65535,47,47,116
@1101663042,1101663042,1137285408,1137285423,0,65535,0,65535,47,47,122
@3519023344,3519023359,2939578021,2939578021,0,65535,0,65535,47,47,125
@98352176,98352191,1504866269,1504866269,0,65535,0,65535,47,47,127
@3395362738,3395362738,3395360768,3395362815,1024,65535,1024,65535,6,6,132
@2939574982,2939574982,3517038592,3517040639,1024,65535,1024,65535,6,6,135
@2939575018,2939575018,3517038592,3517040639,1024,65535,1024,65535,6,6,136
@2939575018,2939575018,2939574272,2939576319,1024,65535,1024,65535,6,6,137
@1312507154,1312507154,98351104,98353151,1024,65535,1024,65535,6,6,142
@1101663048,1101663048,98351104,98353151,1024,65535,1024,65535,6,6,143
@3747586280,3747586280,3517038592,3517040639,1024,65535,1024,65535,17,17,146
@3517053585,3517053585,3517052928,3517054975,1024,65535,1024,65535,17,17,147
@3517040628,3517040628,2939576320,2939578367,1024,65535,1024,65535,17,17,148
@229585446,229585446,1504864256,1504866303,1024,65535,1024,65535,17,17,150
@3517040560,3517040563,3517040556,3517040556,0,65535,0,65535,0,255,151
@3517039793,3517039793,0,4294967295,67,67,1024,65535,17,17,442
@3413947271,3413947271,0,4294967295,88,88,1024,65535,17,17,443
@2939575018,2939575018,0,4294967295,750,750,1024,65535,17,17,444
@2939576491,2939576491,0,4294967295,7648,7648,1024,65535,17,17,445
@2939576491,2939576491,0,4294967295,750,750,1024,65535,17,17,446
@2939576491,2939576491,0,4294967295,53,53,1024,65535,17,17,447
@1082141920,1082141920,0,4294967295,123,123,1024,65535,17,17,448
@1504864370,1504864370,0,4294967295,123,123,1024,65535,17,17,449
@1504864370,1504864370,0,4294967295,53,53,1024,65535,17,17,450
@3519023115,3519023115,0,4294967295,0,65535,53,53,6,6,457
@1101663071,1101663071,0,4294967295,0,65535,871,871,6,6,466
@3747586280,3747586280,0,4294967295,53,53,0,65535,17,17,582
@3517053585,3517053585,0,4294967295,123,123,0,65535,17,17,583
@3517053584,3517053584,0,4294967295,53,53,0,65535,17,17,584
@3517053584,3517053584,0,4294967295,7648,7648,0,65535,17,17,585
@3517040289,3517040289,0,4294967295,161,161,0,65535,17,17,586
@3519023486,3519023486,0,4294967295,123,123,0,65535,17,17,587
@3519023334,3519023334,0,4294967295,750,750,0,65535,17,17,588
@3519023115,3519023115,0,4294967295,53,53,0,65535,17,17,589
@3395362738,3395362738,0,4294967295,123,123,0,65535,17,17,590
@3395362479,3395362479,0,4294967295,161,161,0,65535,17,17,591
@3395362479,3395362479,0,4294967295,750,750,0,65535,17,17,592
@3395362479,3395362479,0,4294967295,88,88,0,65535,17,17,593
@3395362469,3395362469,0,4294967295,161,161,0,65535,17,17,594
@3395362467,3395362467,0,4294967295,88,88,0,65535,17,17,595
@3413946940,3413946940,0,4294967295,53,53,0,65535,17,17,596
@3413936244,3413936244,0,4294967295,7648,7648,0,65535,17,17,597
@3413936244,3413936244,0,4294967295,750,750,0,65535,17,17,598
@3413936244,3413936244,0,4294967295,69,69,0,65535,17,17,599
@3413936244,3413936244,0,4294967295,53,53,0,65535,17,17,600
@2939574818,2939574818,0,4294967295,67,67,0,65535,17,17,601
@2939574818,2939574818,0,4294967295,123,123,0,65535,17,17,602
@2939574818,2939574818,0,4294967295,53,53,0,65535,17,17,603
@2939574818,2939574818,0,4294967295,161,161,0,65535,17,17,604
@2939575001,2939575001,0,4294967295,123,123,0,65535,17,17,605
@2939574991,2939574991,0,4294967295,123,123,0,65535,17,17,606
@2939574990,2939574990,0,4294967295,24032,24032,0,65535,17,17,607
@2939575018,2939575018,0,4294967295,53,53,0,65535,17,17,609
@2939576491,2939576491,0,4294967295,162,162,0,65535,17,17,610
@2939576491,2939576491,0,4294967295,69,69,0,65535,17,17,612
@2939576491,2939576491,0,4294967295,161,161,0,65535,17,17,614
@2939576491,2939576491,0,4294967295,123,123,0,65535,17,17,615
@2939576491,2939576491,0,4294967295,24032,24032,0,65535,17,17,616
@113018378,113018378,0,4294967295,161,161,0,65535,17,17,617
@113018378,113018378,0,4294967295,53,53,0,65535,17,17,618
@113018378,113018378,0,4294967295,24032,24032,0,65535,17,17,619
@113018378,113018378,0,4294967295,69,69,0,65535,17,17,620
@113018378,113018378,0,4294967295,750,750,0,65535,17,17,621
@1312507144,1312507144,0,4294967295,88,88,0,65535,17,17,623
@1082142011,1082142011,0,4294967295,67,67,0,65535,17,17,624
@1082142199,1082142199,0,4294967295,750,750,0,65535,17,17,625
@1082141920,1082141920,0,4294967295,161,161,0,65535,17,17,626
@1082141920,1082141920,0,4294967295,69,69,0,65535,17,17,627
@1082141920,1082141920,0,4294967295,53,53,0,65535,17,17,629
@1101663048,1101663048,0,4294967295,750,750,0,65535,17,17,630
@1101663048,1101663048,0,4294967295,53,53,0,65535,17,17,631
@1101663048,1101663048,0,4294967295,67,67,0,65535,17,17,632
@1497532097,1497532097,0,4294967295,123,123,0,65535,17,17,633
@1497532114,1497532114,0,4294967295,123,123,0,65535,17,17,634
@1497532279,1497532279,0,4294967295,67,67,0,65535,17,17,635
@1497532279,1497532279,0,4294967295,88,88,0,65535,17,17,636
@1504864370,1504864370,0,4294967295,7648,7648,0,65535,17,17,638
@1504864370,1504864370,0,4294967295,24032,24032,0,65535,17,17,639
@1504864370,1504864370,0,4294967295,161,161,0,65535,17,17,640
@3517039794,3517039794,0,4294967295,0,65535,0,65535,1,1,668
@3517040590,3517040590,0,4294967295,0,65535,0,65535,6,6,669
@3517040628,3517040628,0,4294967295,0,65535,0,65535,6,6,670
@3519023486,3519023486,0,4294967295,0,65535,0,65535,6,6,671
@3519023321,3519023321,0,4294967295,0,65535,0,65535,6,6,672
@3395362738,3395362738,0,4294967295,0,65535,0,65535,1,1,673
@2939574831,2939574831,0,4294967295,0,65535,0,65535,1,1,677
@1497532117,1497532117,0,4294967295,0,65535,0,65535,6,6,684
@229585474,229585474,0,4294967295,0,65535,0,65535,47,47,702
@1101663071,1101663071,0,4294967295,0,65535,0,65535,47,47,704
@2939574976,2939574979,0,4294967295,0,65535,0,65535,6,6,710
@2939576492,2939576495,0,4294967295,0,65535,0,65535,1,1,712
@1497532280,1497532283,0,4294967295,0,65535,0,65535,6,6,713
@1497532280,1497532283,0,4294967295,0,65535,0,65535,1,1,714
@1497532272,1497532275,0,4294967295,0,65535,0,65535,1,1,715
@113018368,113018375,0,4294967295,0,65535,0,65535,6,6,719
@2939576492,2939576495,0,4294967295,0,65535,0,65535,47,47,722
@1504864372,1504864375,0,4294967295,0,65535,0,65535,47,47,724
@1504864352,1504864367,0,4294967295,0,65535,0,65535,6,6,727
@2939574784,2939574815,0,4294967295,0,65535,0,65535,6,6,730
@2939576448,2939576479,0,4294967295,0,65535,0,65535,1,1,731
@113018384,113018399,0,4294967295,0,65535,0,65535,47,47,732
@2939576448,2939576479,0,4294967295,0,65535,0,65535,47,47,734
@113018400,113018431,0,4294967295,0,65535,0,65535,47,47,735
@1504864320,1504864351,0,4294967295,0,65535,0,65535,47,47,737
@2939576512,2939576575,0,4294967295,0,65535,0,65535,6,6,738
@113018432,113018495,0,4294967295,0,65535,0,65535,1,1,739
@2939576832,2939577343,0,4294967295,0,65535,0,65535,6,6,742
@113017856,113018367,0,4294967295,0,65535,0,65535,6,6,743
@1504864768,1504865279,0,4294967295,0,65535,0,65535,6,6,744
@1504862208,1504864255,0,4294967295,0,65535,0,65535,47,47,755
@0,4294967295,0,4294967295,0,65535,0,65535,0,255,791
#2,47
@2939576491,2939576491,2939576506,2939576506,1024,65535,1024,65535,6,6,39
@113018378,113018378,98351793,98351793,1024,65535,1024,65535,6,6,40
@113018378,113018378,1504866269,1504866269,1024,65535,1024,65535,6,6,41
@1504864370,1504864370,1504866269,1504866269,1024,65535,1024,65535,6,6,46
@2939576491,2939576491,2939578016,2939578031,0,65535,0,65535,6,6,102
@2939576491,2939576491,3517040544,3517040559,0,65535,0,65535,47,47,117
@1082141920,1082141920,1082141680,1082141695,0,65535,0,65535,47,47,121
@2939576491,2939576491,2907471872,2907473919,1024,65535,1024,65535,6,6,139
@113018378,113018378,249382912,249384959,1024,65535,1024,65535,6,6,140
@2939576491,2939576491,2939576320,2939578367,1024,65535,1024,65535,17,17,149
@3413936244,3413936244,0,4294967295,0,65535,53,53,6,6,458
@3413936244,3413936244,0,4294967295,0,65535,37,37,6,6,459
@113018378,113018378,0,4294967295,0,65535,161,161,6,6,461
@113018378,113018378,0,4294967295,0,65535,37,37,6,6,462
@113018378,113018378,0,4294967295,0,65535,750,750,6,6,463
@113018378,113018378,0,4294967295,0,65535,22,22,6,6,464
@1082141920,1082141920,0,4294967295,0,65535,80,80,6,6,465
@1504864370,1504864370,0,4294967295,0,65535,873,873,6,6,467
@2939575018,2939575018,0,4294967295,750,750,0,65535,17,17,608
@2939576491,2939576491,0,4294967295,53,53,0,65535,17,17,611
@2939576491,2939576491,0,4294967295,750,750,0,65535,17,17,613
@1082141920,1082141920,0,4294967295,123,123,0,65535,17,17,628
@1504864370,1504864370,0,4294967295,123,123,0,65535,17,17,637
@3395362479,3395362479,0,4294967295,0,65535,0,65535,1,1,674
@3413936244,3413936244,0,4294967295,0,65535,0,65535,1,1,676
@2939576491,2939576491,0,4294967295,0,65535,0,65535,1,1,679
@1101663071,1101663071,0,4294967295,0,65535,0,65535,6,6,683
@2939574831,2939574831,0,4294967295,0,65535,0,65535,47,47,700
@1101663042,1101663042,0,4294967295,0,65535,0,65535,47,47,705
@1101663048,1101663048,0,4294967295,0,65535,0,65535,47,47,706
@1504864370,1504864370,0,4294967295,0,65535,0,65535,47,47,707
@3395362464,3395362467,0,4294967295,0,65535,0,65535,6,6,708
@2939576492,2939576495,0,4294967295,0,65535,0,65535,6,6,711
@1504864372,1504864375,0,4294967295,0,65535,0,65535,6,6,716
@3517053584,3517053591,0,4294967295,0,65535,0,65535,1,1,717
@3517053584,3517053591,0,4294967295,0,65535,0,65535,6,6,718
@3395362736,3395362739,0,4294967295,0,65535,0,65535,47,47,720
@2939574820,2939574823,0,4294967295,0,65535,0,65535,47,47,721
@113018380,113018383,0,4294967295,0,65535,0,65535,47,47,723
@229585504,229585519,0,4294967295,0,65535,0,65535,6,6,725
@3413946912,3413946943,0,4294967295,0,65535,0,65535,6,6,728
@1312507200,1312507231,0,4294967295,0,65535,0,65535,47,47,736
@3517038592,3517040639,0,4294967295,0,65535,0,65535,6,6,745
@3519023104,3519025151,0,4294967295,0,65535,0,65535,1,1,746
@1497530368,1497532415,0,4294967295,0,65535,0,65535,47,47,754
@229585440,229585471,0,4294967295,0,65535,0,65535,0,255,756
@0,4294967295,0,4294967295,0,65535,0,65535,0,255,791
#3,30
@113018378,113018378,249383664,249383679,0,65535,0,65535,6,6,106
@113018378,113018378,98351792,98351807,0,65535,0,65535,47,47,119
@0,4294967295,2939575039,2939575039,0,65535,25,25,6,6,292
@0,4294967295,1504865155,1504865155,0,65535,53,53,17,17,491
@0,4294967295,1504866269,1504866269,0,65535,25,25,17,17,512
@0,4294967295,2939578030,2939578030,0,65535,88,88,17,17,541
@0,4294967295,2939578021,2939578021,0,65535,80,80,17,17,542
@0,4294967295,2939578021,2939578021,0,65535,25,25,17,17,543
@0,4294967295,3517038843,3517038843,0,65535,22,22,17,17,568
@0,4294967295,98342344,98342344,750,750,0,65535,17,17,641
@0,4294967295,98351909,98351909,123,123,0,65535,17,17,642
@0,4294967295,98351635,98351635,88,88,0,65535,17,17,643
@0,4294967295,1504865210,1504865210,24032,24032,0,65535,17,17,645
@0,4294967295,2939578025,2939578025,7648,7648,0,65535,17,17,647
@0,4294967295,3517052984,3517052984,161,161,0,65535,17,17,650
@0,4294967295,98351909,98351909,1024,65535,1024,65535,6,6,654
@0,4294967295,1504865204,1504865204,1024,65535,1024,65535,6,6,656
@0,4294967295,1504865210,1504865210,1024,65535,1024,65535,6,6,657
@0,4294967295,1504866269,1504866269,1024,65535,1024,65535,6,6,658
@0,4294967295,2939578021,2939578021,1024,65535,1024,65535,6,6,662
@0,4294967295,3517052967,3517052967,1024,65535,1024,65535,6,6,663
@0,4294967295,3517040605,3517040605,1024,65535,1024,65535,6,6,667
@0,4294967295,98351909,98351909,1024,65535,1024,65535,17,17,687
@0,4294967295,1504866269,1504866269,1024,65535,1024,65535,17,17,691
@0,4294967295,2939578021,2939578021,1024,65535,1024,65535,17,17,693
@0,4294967295,3517052988,3517052988,1024,65535,1024,65535,17,17,694
@0,4294967295,98342347,98342347,0,65535,0,65535,6,6,696
@0,4294967295,98342347,98342347,0,65535,0,65535,47,47,697
@0,4294967295,1504866212,1504866212,0,65535,0,65535,47,47,698
@0,4294967295,0,4294967295,0,65535,0,65535,0,255,791
#4,23
@2939576491,2939576491,0,4294967295,0,65535,143,143,6,6,460
@0,4294967295,1504866240,1504866271,0,65535,22,22,17,17,651
@0,4294967295,3517038816,3517038847,0,65535,53,53,17,17,652
@0,4294967295,0,4294967295,0,65535,137,137,6,6,757
@0,4294967295,0,4294967295,0,65535,25,25,6,6,758
@0,4294967295,0,4294967295,0,65535,1999,1999,6,6,759
@0,4294967295,0,4294967295,0,65535,544,544,6,6,760
@0,4294967295,0,4294967295,0,65535,22,22,6,6,761
@0,4294967295,0,4294967295,0,65535,53,53,6,6,762
@0,4294967295,0,4294967295,0,65535,80,80,6,6,763
@0,4294967295,0,4294967295,0,65535,754,754,6,6,764
@0,4294967295,0,4294967295,0,65535,67,67,6,6,765
@0,4294967295,0,4294967295,0,65535,750,750,6,6,766
@0,4294967295,0,4294967295,0,65535,162,162,6,6,767
@0,4294967295,0,4294967295,0,65535,88,88,6,6,768
@0,4294967295,0,4294967295,0,65535,750,750,17,17,774
@0,4294967295,0,4294967295,0,65535,123,123,17,17,775
@0,4294967295,0,4294967295,0,65535,21,21,17,17,776
@0,4294967295,0,4294967295,0,65535,25,25,17,17,777
@0,4294967295,0,4294967295,0,65535,754,754,17,17,778
@0,4294967295,0,4294967295,0,65535,443,443,17,17,779
@0,4294967295,0,4294967295,1024,65535,33434,33600,17,17,784
@0,4294967295,0,4294967295,0,65535,0,65535,0,255,791
#5,17
@2939576491,2939576491,2939576320,2939578367,1024,65535,1024,65535,6,6,138
@113018378,113018378,98351104,98353151,1024,65535,1024,65535,6,6,141
@113018378,113018378,0,4294967295,123,123,0,65535,17,17,622
@3413936244,3413936244,0,4294967295,0,65535,0,65535,6,6,675
@113018378,113018378,0,4294967295,0,65535,0,65535,1,1,680
@1082141920,1082141920,0,4294967295,0,65535,0,65535,6,6,682
@1504864370,1504864370,0,4294967295,0,65535,0,65535,6,6,685
@2939576491,2939576491,0,4294967295,0,65535,0,65535,47,47,701
@113018378,113018378,0,4294967295,0,65535,0,65535,47,47,703
@1101663056,1101663071,0,4294967295,0,65535,0,65535,1,1,726
@3395362304,3395362815,0,4294967295,0,65535,0,65535,1,1,740
@3395362304,3395362815,0,4294967295,0,65535,0,65535,6,6,741
@2939574272,2939576319,0,4294967295,0,65535,0,65535,6,6,747
@1101663040,1101663043,0,4294967295,0,65535,0,65535,0,255,749
@1504864372,1504864375,0,4294967295,0,65535,0,65535,0,255,750
@3506438144,3523215359,0,4294967295,0,65535,0,65535,47,47,787
@0,4294967295,0,4294967295,0,65535,0,65535,0,255,791
#6,6
@2939576491,2939576491,0,4294967295,0,65535,0,65535,6,6,678
@113018378,113018378,0,4294967295,0,65535,0,65535,6,6,681
@3413936244,3413936247,0,4294967295,0,65535,0,65535,6,6,709
@1082140672,1082142719,0,4294967295,0,65535,0,65535,47,47,753
@1504837632,1504903167,0,4294967295,0,65535,0,65535,6,6,769
@0,4294967295,0,4294967295,0,65535,0,65535,0,255,791
#7,8
@3413936224,3413936255,0,4294967295,0,65535,0,65535,6,6,729
@3413936224,3413936255,0,4294967295,0,65535,0,65535,47,47,733
@2939576320,2939578367,0,4294967295,0,65535,0,65535,6,6,748
@2939576320,2939578367,0,4294967295,0,65535,0,65535,47,47,751
@113016832,113018879,0,4294967295,0,65535,0,65535,47,47,752
@1082130432,1083179007,0,4294967295,0,65535,0,65535,1,1,783
@1493172224,1509949439,0,4294967295,0,65535,0,65535,6,6,786
@0,4294967295,0,4294967295,0,65535,0,65535,0,255,791
#8,6
@0,4294967295,0,4294967295,750,750,0,65535,17,17,770
@0,4294967295,0,4294967295,7648,7648,0,65535,17,17,771
@0,4294967295,0,4294967295,53,53,0,65535,17,17,772
@0,4294967295,0,4294967295,123,123,0,65535,17,17,773
@0,4294967295,0,4294967295,33434,33600,1024,65535,17,17,785
@0,4294967295,0,4294967295,0,65535,0,65535,0,255,791
#9,5
@2939158528,2940207103,0,4294967295,0,65535,0,65535,6,6,780
@112197632,113246207,0,4294967295,0,65535,0,65535,1,1,781
@112197632,113246207,0,4294967295,0,65535,0,65535,6,6,782
@0,4294967295,0,4294967295,0,65535,0,65535,47,47,790
@0,4294967295,0,4294967295,0,65535,0,65535,0,255,791
#10,3
@0,4294967295,0,4294967295,0,65535,0,65535,1,1,788
@0,4294967295,0,4294967295,0,65535,0,65535,6,6,789
@0,4294967295,0,4294967295,0,65535,0,65535,0,255,791
