#0,64
@2243431529,2243431529,2390674665,2390674665,1024,65535,161,161,17,17,0
@3337533518,3337533518,2390675244,2390675244,1024,65535,21,21,17,17,1
@3337533518,3337533518,3337535144,3337535144,0,65535,25,25,6,6,2
@3337533518,3337533518,3337534074,3337534074,0,65535,179,179,6,6,3
@3337533518,3337533518,2390673934,2390673934,0,65535,37,37,17,17,5
@3337533518,3337533518,3304895764,3304895764,1024,65535,1024,65535,6,6,7
@3337533518,3337533518,2390673928,2390673931,0,65535,0,65535,1,1,8
@3337533512,3337533515,3305541809,3305541809,0,65535,0,65535,1,1,9
@3337533518,3337533518,3317298796,3317298799,0,65535,0,65535,47,47,10
@3337533518,3337533518,2390674592,2390674607,0,65535,0,65535,47,47,11
@3337533518,3337533518,2395829516,2395829519,0,65535,0,65535,0,255,12
@0,4294967295,941620428,941620428,0,65535,80,80,6,6,13
@0,4294967295,3337534055,3337534055,0,65535,2105,2105,6,6,14
@0,4294967295,3337534055,3337534055,0,65535,22,22,6,6,15
@0,4294967295,3337534059,3337534059,0,65535,2105,2105,6,6,16
@0,4294967295,3337534059,3337534059,0,65535,22,22,6,6,17
@0,4294967295,3337534059,3337534059,0,65535,544,544,6,6,18
@0,4294967295,3337534059,3337534059,0,65535,123,123,6,6,19
@0,4294967295,3337534075,3337534075,0,65535,8080,8080,6,6,20
@0,4294967295,3337534075,3337534075,0,65535,53,53,6,6,21
@0,4294967295,3337534075,3337534075,0,65535,123,123,6,6,22
@0,4294967295,3337534075,3337534075,0,65535,80,80,6,6,23
@0,4294967295,3337534075,3337534075,0,65535,37,37,6,6,24
@0,4294967295,3337534075,3337534075,0,65535,5999,5999,6,6,25
@0,4294967295,3337534075,3337534075,0,65535,22,22,6,6,26
@0,4294967295,3337534074,3337534074,0,65535,22,22,6,6,27
@0,4294967295,3337534074,3337534074,0,65535,443,443,6,6,28
@0,4294967295,3337534074,3337534074,0,65535,88,88,6,6,29
@0,4294967295,3337534074,3337534074,0,65535,123,123,6,6,30
@0,4294967295,3337535218,3337535218,0,65535,24032,24032,6,6,31
@0,4294967295,3337535196,3337535196,0,65535,22,22,6,6,32
@0,4294967295,3337535197,3337535197,0,65535,80,80,6,6,33
@0,4294967295,3337535194,3337535194,0,65535,23,23,6,6,34
@0,4294967295,3337535194,3337535194,0,65535,22,22,6,6,35
@0,4294967295,3337535194,3337535194,0,65535,53,53,6,6,36
@0,4294967295,3337535194,3337535194,0,65535,67,67,6,6,37
@0,4294967295,3337535150,3337535150,0,65535,443,443,6,6,38
@0,4294967295,3337535150,3337535150,0,65535,80,80,6,6,39
@0,4294967295,3337535151,3337535151,0,65535,22,22,6,6,40
@0,4294967295,3337535148,3337535148,0,65535,5999,5999,6,6,41
@0,4294967295,3337535148,3337535148,0,65535,22,22,6,6,42
@0,4294967295,3337535148,3337535148,0,65535,123,123,6,6,43
@0,4294967295,3337535147,3337535147,0,65535,2401,2401,6,6,44
@0,4294967295,3337535147,3337535147,0,65535,139,139,6,6,45
@0,4294967295,3337535147,3337535147,0,65535,22,22,6,6,46
@0,4294967295,3337535147,3337535147,0,65535,25,25,6,6,47
@0,4294967295,3337535147,3337535147,0,65535,80,80,6,6,48
@0,4294967295,3337535147,3337535147,0,65535,53,53,6,6,49
@0,4294967295,3337535144,3337535144,0,65535,5999,5999,6,6,50
@0,4294967295,3337535144,3337535144,0,65535,80,80,6,6,51
@0,4294967295,3337535144,3337535144,0,65535,69,69,6,6,53
@0,4294967295,3337535218,3337535218,1024,65535,119,119,17,17,54
@0,4294967295,3337535196,3337535196,1024,65535,22,22,17,17,55
@0,4294967295,3337535197,3337535197,1024,65535,7648,7648,17,17,56
@0,4294967295,3337534074,3337534074,0,65535,67,67,17,17,65
@0,4294967295,3337534074,3337534074,0,65535,25,25,17,17,66
@0,4294967295,3337535221,3337535221,0,65535,8080,8080,17,17,67
@0,4294967295,3337535150,3337535150,0,65535,67,67,17,17,68
@0,4294967295,3337535151,3337535151,0,65535,2105,2105,17,17,69
@0,4294967295,3337535148,3337535148,0,65535,53,53,17,17,70
@0,4294967295,3337535148,3337535148,0,65535,123,123,17,17,71
@0,4294967295,3337535144,3337535144,0,65535,22,22,17,17,72
@0,4294967295,3337535144,3337535144,0,65535,25,25,17,17,73
@0,4294967295,0,4294967295,0,65535,0,65535,0,255,92
#1,11
@3337533518,3337533518,3337535144,3337535144,24032,24032,1024,65535,17,17,4
@3337533518,3337533518,0,4294967295,67,67,1024,65535,17,17,57
@1946498323,1946498323,0,4294967295,24032,24032,0,65535,17,17,58
@2211961035,2211961035,0,4294967295,750,750,0,65535,17,17,59
@3337533518,3337533518,0,4294967295,53,53,0,65535,17,17,60
@3337533518,3337533518,0,4294967295,7648,7648,0,65535,17,17,61
@3337533518,3337533518,0,4294967295,161,161,0,65535,17,17,62
@3337533518,3337533518,0,4294967295,69,69,0,65535,17,17,63
@3337533518,3337533518,0,4294967295,123,123,0,65535,17,17,64
@0,4294967295,0,4294967295,33434,33600,1024,65535,17,17,90
@0,4294967295,0,4294967295,0,65535,0,65535,0,255,92
#2,9
@3337533518,3337533518,3337535144,3337535144,1024,65535,1024,65535,6,6,6
@3337533518,3337533518,0,4294967295,0,65535,0,65535,47,47,77
@3337533518,3337533518,0,4294967295,0,65535,0,65535,1,1,78
@2211961032,2211961039,0,4294967295,0,65535,0,65535,6,6,79
@3337533504,3337533511,0,4294967295,0,65535,0,65535,6,6,80
@3337533520,3337533535,0,4294967295,0,65535,0,65535,47,47,81
@3337533536,3337533567,0,4294967295,0,65535,0,65535,6,6,82
@3337533512,3337533515,0,4294967295,0,65535,0,65535,0,255,86
@0,4294967295,0,4294967295,0,65535,0,65535,0,255,92
#3,7
@0,4294967295,3337535144,3337535144,0,65535,25,25,6,6,52
@0,4294967295,3337535147,3337535147,123,123,0,65535,17,17,74
@0,4294967295,3337535148,3337535148,1024,65535,1024,65535,6,6,75
@3337533504,3337533567,0,4294967295,0,65535,0,65535,1,1,83
@0,4294967295,0,4294967295,0,65535,88,88,6,6,88
@0,4294967295,0,4294967295,1024,65535,33434,33600,17,17,89
@0,4294967295,0,4294967295,0,65535,0,65535,0,255,92
#4,3
@3337533518,3337533518,0,4294967295,0,65535,0,65535,6,6,76
@3337533440,3337535487,0,4294967295,0,65535,0,65535,1,1,85
@0,4294967295,0,4294967295,0,65535,0,65535,0,255,92
#5,2
@3337533440,3337535487,0,4294967295,0,65535,0,65535,6,6,84
@0,4294967295,0,4294967295,0,65535,0,65535,0,255,92
#6,2
@0,4294967295,0,4294967295,0,65535,25,25,6,6,87
@0,4294967295,0,4294967295,0,65535,0,65535,0,255,92
#7,2
@0,4294967295,0,4294967295,0,65535,0,65535,6,6,91
@0,4294967295,0,4294967295,0,65535,0,65535,0,255,92
