#0,494
@1879058638,1879058638,4209041524,4209041524,161,161,69,69,17,17,0
@1847779529,1847779529,2703482684,2703482684,22,22,53,53,17,17,1
@2306450163,2306450163,1108563892,1108563892,80,80,53,53,17,17,2
@3463001070,3463001070,1722649832,1722649832,53,53,8875,8875,17,17,3
@3338717274,3338717274,1760973954,1760973954,53,53,80,80,17,17,4
@1088208359,1088208359,999872660,999872660,0,65535,6346,6346,6,6,5
@1180957725,1180957725,4143086193,4143086193,0,65535,162,162,6,6,6
@1889211280,1889211280,4143090706,4143090706,0,65535,514,514,6,6,7
@1889211280,1889211280,4265830745,4265830745,0,65535,25,25,6,6,8
@1879058524,1879058524,1850535273,1850535273,0,65535,80,80,6,6,9
@1879058638,1879058638,1879081264,1879081264,0,65535,69,69,6,6,10
@1879058659,1879058659,4209041524,4209041524,0,65535,25,25,6,6,11
@1879058659,1879058659,2004214413,2004214413,0,65535,514,514,6,6,12
@1850495345,1850495345,3689251684,3689251684,0,65535,514,514,6,6,13
@1847783071,1847783071,1879081276,1879081276,0,65535,137,137,6,6,14
@1847779529,1847779529,2703482653,2703482653,0,65535,22,22,6,6,15
@176526965,176526965,175394496,175394496,0,65535,69,69,6,6,16
@956103100,956103100,1847782997,1847782997,0,65535,5540,5540,6,6,17
@956103100,956103100,2707908447,2707908447,0,65535,53,53,6,6,18
@810916228,810916228,1847770908,1847770908,0,65535,69,69,6,6,19
@811531406,811531406,2653674542,2653674542,0,65535,113,113,6,6,20
@811531406,811531406,1850535275,1850535275,0,65535,69,69,6,6,21
@811531406,811531406,779892264,779892264,0,65535,69,69,6,6,22
@811531406,811531406,779892264,779892264,0,65535,80,80,6,6,23
@2306436011,2306436011,1108596455,1108596455,0,65535,162,162,6,6,24
@2306436011,2306436011,2365408913,2365408913,0,65535,80,80,6,6,25
@3355362687,3355362687,1760988772,1760988772,0,65535,53,53,6,6,26
@3353357703,3353357703,1813017512,1813017512,0,65535,514,514,6,6,27
@2310233765,2310233765,1108596471,1108596471,123,123,0,65535,6,6,28
@3355362687,3355362687,1761012942,1761012942,135,135,0,65535,6,6,29
@1317582150,1317582150,3849258566,3849258566,0,65535,1214,1214,17,17,30
@1086767745,1086767745,999859537,999859537,0,65535,80,80,17,17,31
@1889260550,1889260550,1850535273,1850535273,0,65535,5550,5550,17,17,32
@1889211280,1889211280,4143090812,4143090812,0,65535,69,69,6,6,33
@1879058524,1879058524,1885435546,1885435546,0,65535,80,80,17,17,34
@1879058524,1879058524,4201215374,4201215374,0,65535,514,514,17,17,35
@1879058524,1879058524,4201338091,4201338091,0,65535,119,119,17,17,36
@1879058638,1879058638,2058375839,2058375839,0,65535,514,514,17,17,37
@1879058659,1879058659,4209041524,4209041524,0,65535,53,53,17,17,38
@1879058659,1879058659,3689251697,3689251697,0,65535,25,25,17,17,39
@1850530439,1850530439,3689251703,3689251703,0,65535,69,69,17,17,40
@1850525603,1850525603,948145185,948145185,0,65535,113,113,17,17,41
@1850495345,1850495345,2778283773,2778283773,0,65535,161,161,17,17,42
@1850495345,1850495345,1850535273,1850535273,0,65535,1433,1433,17,17,43
@1845494770,1845494770,956046769,956046769,0,65535,69,69,17,17,44
@1847783071,1847783071,956043872,956043872,0,65535,5500,5500,17,17,45
@1847783071,1847783071,956043804,956043804,0,65535,514,514,17,17,46
@1847779529,1847779529,956102682,956102682,0,65535,9003,9003,6,6,47
@1847779529,1847779529,1879072067,1879072067,0,65535,53,53,17,17,48
@1847779529,1847779529,956102699,956102699,0,65535,9003,9003,17,17,49
@1847779529,1847779529,1108563890,1108563890,0,65535,7777,7777,17,17,50
@1847779529,1847779529,2703426869,2703426869,0,65535,53,53,17,17,51
@1847779529,1847779529,1722651961,1722651961,0,65535,69,69,6,6,52
@1847779529,1847779529,956102699,956102699,0,65535,5550,5550,17,17,53
@1847779529,1847779529,2703482626,2703482626,0,65535,119,119,17,17,54
@1847779529,1847779529,956102699,956102699,0,65535,514,514,17,17,55
@1847779529,1847779529,2703482630,2703482630,0,65535,25,25,17,17,56
@176526911,176526911,2707946598,2707946598,0,65535,69,69,17,17,57
@176526881,176526881,447790837,447790837,0,65535,69,69,17,17,58
@180124227,180124227,447790837,447790837,0,65535,5530,5530,17,17,59
@956064168,956064168,599233279,599233279,0,65535,32774,32774,17,17,60
@956103100,956103100,1847782997,1847782997,0,65535,53,53,17,17,61
@956103100,956103100,599233164,599233164,0,65535,69,69,6,6,62
@956103100,956103100,1847782999,1847782999,0,65535,69,69,17,17,63
@999872569,999872569,999872660,999872660,0,65535,137,137,17,17,64
@999872569,999872569,805491465,805491465,0,65535,53,53,17,17,65
@999872569,999872569,810901782,810901782,0,65535,69,69,6,6,66
@999872569,999872569,2707908429,2707908429,0,65535,514,514,17,17,67
@810886193,810886193,810886377,810886377,0,65535,1433,1433,17,17,68
@810886178,810886178,1847770888,1847770888,0,65535,69,69,17,17,69
@810916228,810916228,2309258543,2309258543,0,65535,1433,1433,17,17,70
@810916228,810916228,2309258685,2309258685,0,65535,3389,3389,17,17,71
@810916228,810916228,1850535321,1850535321,0,65535,69,69,6,6,72
@810916228,810916228,2424116376,2424116376,0,65535,69,69,6,6,73
@810916228,810916228,810916153,810916153,0,65535,25,25,17,17,74
@810916228,810916228,1850535321,1850535321,0,65535,514,514,17,17,75
@811529742,811529742,2465799196,2465799196,0,65535,514,514,17,17,76
@811529742,811529742,779892264,779892264,0,65535,5631,5631,17,17,77
@811529742,811529742,1850535321,1850535321,0,65535,162,162,17,17,78
@811529742,811529742,2664433428,2664433428,0,65535,514,514,17,17,79
@811531406,811531406,2653674537,2653674537,0,65535,69,69,17,17,80
@811531406,811531406,2653637311,2653637311,0,65535,25,25,17,17,81
@811531406,811531406,2653621903,2653621903,0,65535,5631,5631,17,17,82
@811531406,811531406,1850535275,1850535275,0,65535,69,69,17,17,83
@811531406,811531406,1850535275,1850535275,0,65535,80,80,17,17,84
@811531406,811531406,2565635458,2565635458,0,65535,9003,9003,17,17,85
@811531406,811531406,908504822,908504822,0,65535,9003,9003,17,17,86
@811531406,811531406,2565635458,2565635458,0,65535,5550,5550,17,17,87
@811531406,811531406,2565635458,2565635458,0,65535,113,113,17,17,88
@811531406,811531406,1850535273,1850535273,0,65535,137,137,6,6,89
@811531406,811531406,1850535273,1850535273,0,65535,162,162,17,17,90
@3175107940,3175107940,3689251683,3689251683,0,65535,69,69,17,17,91
@3175107940,3175107940,1409616114,1409616114,0,65535,500,500,6,6,92
@2655572814,2655572814,1253778053,1253778053,0,65535,80,80,6,6,93
@2655479901,2655479901,3689251692,3689251692,0,65535,25,25,17,17,94
@2655480483,2655480483,3689251692,3689251692,0,65535,53,53,6,6,95
@2655480483,2655480483,2565813301,2565813301,0,65535,514,514,17,17,96
@2310226123,2310226123,1108596455,1108596455,0,65535,80,80,17,17,97
@2302033637,2302033637,3689228192,3689228192,0,65535,80,80,17,17,98
@2302028281,2302028281,1108596455,1108596455,0,65535,69,69,17,17,99
@2302021152,2302021152,2246669713,2246669713,0,65535,1433,1433,17,17,100
@2306436011,2306436011,3689228163,3689228163,0,65535,25,25,17,17,101
@2306436371,2306436371,1108596455,1108596455,0,65535,80,80,17,17,102
@2306450163,2306450163,3689227955,3689227955,0,65535,9003,9003,6,6,103
@2306450163,2306450163,1108563342,1108563342,0,65535,69,69,17,17,104
@2306450163,2306450163,1108563892,1108563892,0,65535,80,80,17,17,105
@2306450163,2306450163,1108563892,1108563892,0,65535,514,514,17,17,106
@2306450163,2306450163,1108563890,1108563890,0,65535,80,80,6,6,107
@4201332680,4201332680,4209041524,4209041524,0,65535,53,53,6,6,108
@4201365355,4201365355,1108563890,1108563890,0,65535,25,25,6,6,109
@3426116182,3426116182,2058375835,2058375835,0,65535,9003,9003,17,17,110
@3426129284,3426129284,2565635458,2565635458,0,65535,69,69,17,17,111
@3426129284,3426129284,2004178167,2004178167,0,65535,514,514,17,17,112
@3438577900,3438577900,2004178175,2004178175,0,65535,1723,1723,17,17,113
@3438101954,3438101954,1893957240,1893957240,0,65535,514,514,6,6,114
@3438101953,3438101953,3689233773,3689233773,0,65535,69,69,6,6,115
@3438101953,3438101953,1893967780,1893967780,0,65535,25,25,17,17,116
@3471548178,3471548178,2565813265,2565813265,0,65535,5500,5500,17,17,117
@3469355062,3469355062,1893967780,1893967780,0,65535,5510,5510,17,17,118
@3469355014,3469355014,1885430214,1885430214,0,65535,21,21,17,17,119
@3459906386,3459906386,2565813265,2565813265,0,65535,5510,5510,17,17,120
@3459883377,3459883377,1885435551,1885435551,0,65535,22,22,17,17,121
@3463001075,3463001075,1722649827,1722649827,0,65535,514,514,17,17,122
@3463001074,3463001074,2565813265,2565813265,0,65535,80,80,17,17,123
@3345235794,3345235794,3266994937,3266994937,0,65535,139,139,6,6,124
@3338715349,3338715349,2565813293,2565813293,0,65535,53,53,17,17,125
@3338715349,3338715349,2565813293,2565813293,0,65535,9003,9003,17,17,126
@3338715349,3338715349,2565813293,2565813293,0,65535,137,137,17,17,127
@3338717274,3338717274,1760973953,1760973953,0,65535,69,69,17,17,128
@3338717274,3338717274,3689233745,3689233745,0,65535,9003,9003,17,17,129
@3355358946,3355358946,2565813293,2565813293,0,65535,514,514,17,17,130
@3355362687,3355362687,3689233745,3689233745,0,65535,69,69,17,17,131
@3355362687,3355362687,1760988772,1760988772,0,65535,69,69,6,6,132
@3355362687,3355362687,1761012944,1761012944,0,65535,22,22,17,17,133
@3353357710,3353357710,3689233730,3689233730,0,65535,9003,9003,17,17,134
@3353357704,3353357704,2565813308,2565813308,0,65535,5530,5530,17,17,135
@3353357703,3353357703,2565813308,2565813308,0,65535,53,53,17,17,136
@3353357703,3353357703,3689233730,3689233730,0,65535,5550,5550,17,17,137
@3353391017,3353391017,1813017517,1813017517,0,65535,53,53,6,6,138
@3353391017,3353391017,2565813308,2565813308,0,65535,69,69,17,17,139
@3353391017,3353391017,2565813308,2565813308,0,65535,53,53,17,17,140
@3353391013,3353391013,3689233733,3689233733,0,65535,119,119,17,17,141
@3353391013,3353391013,1813017504,1813017504,0,65535,6346,6346,17,17,142
@3353391013,3353391013,1813017504,1813017504,0,65535,25,25,17,17,143
@3353391014,3353391014,3377479251,3377479251,0,65535,80,80,17,17,144
@3353388693,3353388693,1855125641,1855125641,0,65535,9003,9003,17,17,145
@3353388693,3353388693,2565813301,2565813301,0,65535,9003,9003,6,6,146
@3353388693,3353388693,1855125641,1855125641,0,65535,80,80,17,17,147
@3353388693,3353388693,1855125641,1855125641,0,65535,69,69,17,17,148
@3353388693,3353388693,1858629898,1858629898,0,65535,25,25,17,17,149
@3353388693,3353388693,2565813301,2565813301,0,65535,80,80,17,17,150
@3353388693,3353388693,3689233733,3689233733,0,65535,69,69,17,17,151
@3353388693,3353388693,3689233733,3689233733,0,65535,80,80,6,6,152
@1879058639,1879058639,4209041524,4209041524,161,161,0,65535,17,17,153
@999872569,999872569,2707908447,2707908447,161,161,0,65535,6,6,154
@999872569,999872569,779909360,779909360,25,25,0,65535,17,17,155
@999872569,999872569,1847770973,1847770973,22,22,0,65535,17,17,156
@2655480345,2655480345,1108596141,1108596141,53,53,0,65535,17,17,157
@2655480345,2655480345,2565813301,2565813301,53,53,0,65535,17,17,158
@2310238357,2310238357,2365408913,2365408913,500,500,0,65535,17,17,159
@2302021152,2302021152,2565813301,2565813301,80,80,0,65535,6,6,160
@3459883377,3459883377,1722619859,1722619859,5520,5520,0,65535,17,17,161
@3463040277,3463040277,1722619859,1722619859,25,25,0,65535,6,6,162
@3463001070,3463001070,1722649832,1722649832,1433,1433,0,65535,17,17,163
@3353357704,3353357704,1813017503,1813017503,161,161,0,65535,6,6,164
@3353391015,3353391015,1813017504,1813017504,5540,5540,0,65535,6,6,165
@3353388693,3353388693,2565813308,2565813308,5510,5510,0,65535,17,17,166
@811531406,811531406,2653674537,2653674537,109,110,0,65535,6,6,167
@1879058526,1879058527,4265830750,4265830750,0,65535,25,25,17,17,168
@1879058656,1879058657,3689251703,3689251703,0,65535,161,161,6,6,169
@1847779530,1847779531,956102675,956102675,0,65535,5540,5540,17,17,170
@811531404,811531405,2565635458,2565635458,0,65535,53,53,17,17,171
@811531404,811531405,2565635458,2565635458,0,65535,25,25,6,6,172
@3353357700,3353357701,2565813308,2565813308,0,65535,22,22,6,6,173
@1889211284,1889211287,4265830744,4265830744,0,65535,514,514,17,17,174
@1847783064,1847783067,2784154123,2784154123,0,65535,69,69,6,6,175
@811529736,811529739,779892264,779892264,0,65535,143,143,17,17,176
@3353391013,3353391013,2565813308,2565813308,0,65535,20,23,6,6,177
@956103104,956103167,2707908447,2707908447,0,65535,9003,9003,6,6,178
@810916288,810916351,2309235936,2309235936,0,65535,9003,9003,6,6,179
@811531406,811531406,1850535168,1850535231,161,161,0,65535,6,6,181
@3459906386,3459906386,3377502720,3377502783,5520,5520,0,65535,6,6,182
@1879058659,1879058659,1850535168,1850535231,5550,5550,0,65535,17,17,184
@811531406,811531406,2653674560,2653674623,80,80,0,65535,6,6,189
@811531406,811531406,2653637184,2653637247,161,161,0,65535,17,17,190
@2310226123,2310226123,3689251584,3689251647,53,53,0,65535,6,6,191
@3353391017,3353391017,3348002112,3348002175,53,53,0,65535,17,17,194
@1850495232,1850495295,948145185,948145185,0,65535,514,514,17,17,196
@180124160,180124223,175394402,175394402,0,65535,5530,5530,17,17,197
@3175147456,3175147519,1415309795,1415309795,0,65535,69,69,6,6,198
@2655479808,2655479871,2565813301,2565813301,0,65535,514,514,17,17,199
@956102912,956103039,908502015,908502015,0,65535,69,69,6,6,200
@3355358848,3355358911,1760988780,1760988780,0,65535,20,21,6,6,203
@1889260550,1889260550,1879058816,1879058879,109,110,0,65535,6,6,204
@2306436011,2306436011,2565813504,2565813759,5530,5530,0,65535,6,6,209
@3353388693,3353388693,2565813504,2565813759,161,161,0,65535,6,6,210
@1850494976,1850495231,1761012738,1761012738,0,65535,9003,9003,6,6,212
@1845494272,1845494527,956046824,956046824,0,65535,69,69,6,6,213
@1847779584,1847779839,2703482684,2703482684,0,65535,514,514,6,6,214
@810886400,810886655,1847770973,1847770973,0,65535,80,80,6,6,215
@2302021120,2302021375,3689228192,3689228192,0,65535,135,135,6,6,216
@3438101504,3438101759,2565635458,2565635458,0,65535,5500,5500,6,6,217
@3463040256,3463040511,1722619842,1722619842,0,65535,1723,1723,6,6,218
@3463000576,3463000831,1722619842,1722619842,0,65535,69,69,6,6,219
@3353357312,3353357567,2565813308,2565813308,0,65535,137,137,6,6,220
@999872640,999872767,1847770973,1847770973,0,65535,1433,1433,6,6,221
@810886400,810886655,2306434206,2306434206,1433,1433,0,65535,6,6,224
@3471324928,3471325183,1893967780,1893967780,5550,5550,0,65535,6,6,225
@811529792,811529855,1850535321,1850535321,0,65535,20,23,6,6,226
@811531456,811531519,1850535275,1850535275,0,65535,1645,1646,6,6,227
@1189281854,1189281854,3758735616,3758735871,161,161,0,65535,6,6,228
@811531406,811531406,2565635072,2565635327,143,143,0,65535,17,17,245
@2306450163,2306450163,2246664960,2246665215,161,161,0,65535,6,6,250
@3438101952,3438101952,2565635072,2565635327,161,161,0,65535,17,17,252
@3338715349,3338715349,2565813504,2565813759,161,161,0,65535,17,17,254
@3355362687,3355362687,2565813504,2565813759,53,53,0,65535,6,6,257
@3355362687,3355362687,2565813504,2565813759,80,80,0,65535,17,17,258
@1889262592,1889262847,1893967780,1893967780,0,65535,5000,5001,6,6,263
@811531520,811531775,2565635458,2565635458,0,65535,109,110,6,6,264
@1879058688,1879058943,4201338091,4201338091,1433,1433,0,65535,6,6,265
@1847783168,1847783423,1847782998,1847782998,5500,5500,0,65535,17,17,266
@956102656,956102911,956043778,956043778,25,25,0,65535,17,17,267
@999872768,999873023,814639925,814639925,5530,5530,0,65535,17,17,268
@810915840,810916095,2306434196,2306434196,53,53,0,65535,6,6,269
@810915840,810916095,2309258548,2309258548,143,143,0,65535,6,6,270
@810915840,810916095,1850535321,1850535321,161,161,0,65535,17,17,271
@810915840,810916095,1850535321,1850535321,53,53,0,65535,17,17,272
@811529984,811530239,2465799196,2465799196,161,161,0,65535,17,17,273
@2306450176,2306450431,2309239712,2309239712,5510,5510,0,65535,6,6,277
@3438101504,3438101759,1893957198,1893957198,1433,1433,0,65535,17,17,278
@3353390592,3353390847,3377479251,3377479251,161,161,0,65535,17,17,279
@3353388800,3353389055,3689233733,3689233733,80,80,0,65535,6,6,280
@1879058688,1879058943,1850535273,1850535273,0,65535,80,80,6,6,281
@1879058688,1879058943,3689251697,3689251697,0,65535,53,53,17,17,282
@1879058688,1879058943,1850535273,1850535273,0,65535,69,69,17,17,283
@1850494976,1850495231,2778283696,2778283696,0,65535,1433,1433,6,6,284
@1845633280,1845633535,2784154206,2784154206,0,65535,21,21,17,17,285
@1847779584,1847779839,1722651961,1722651961,0,65535,514,514,17,17,286
@180124416,180124671,2707946598,2707946598,0,65535,113,113,17,17,287
@180124416,180124671,1858661557,1858661557,0,65535,9003,9003,17,17,288
@956056576,956056831,2707946598,2707946598,0,65535,22,22,17,17,289
@956056576,956056831,2707946728,2707946728,0,65535,514,514,17,17,290
@999872768,999873023,1847782999,1847782999,0,65535,69,69,17,17,291
@999872768,999873023,2707908424,2707908424,0,65535,514,514,17,17,292
@999872768,999873023,2707908424,2707908424,0,65535,9003,9003,17,17,293
@999872768,999873023,2707908429,2707908429,0,65535,514,514,17,17,294
@810915840,810916095,2306434206,2306434206,0,65535,119,119,17,17,295
@810915840,810916095,2309258669,2309258669,0,65535,514,514,6,6,297
@810915840,810916095,810916153,810916153,0,65535,69,69,17,17,298
@811529984,811530239,1850535321,1850535321,0,65535,69,69,17,17,299
@811529984,811530239,956102924,956102924,0,65535,80,80,17,17,300
@811531520,811531775,1850535275,1850535275,0,65535,137,137,17,17,302
@811531520,811531775,2653637295,2653637295,0,65535,162,162,17,17,303
@811531520,811531775,2565635458,2565635458,0,65535,2549,2549,17,17,304
@2655536640,2655536895,3689251683,3689251683,0,65535,25,25,6,6,305
@2655480064,2655480319,1254386287,1254386287,0,65535,69,69,17,17,306
@2655480576,2655480831,3689251692,3689251692,0,65535,53,53,17,17,307
@2310210560,2310210815,3689251692,3689251692,0,65535,80,80,17,17,308
@2310210560,2310210815,1108596143,1108596143,0,65535,7777,7777,17,17,309
@2310238208,2310238463,3689251692,3689251692,0,65535,143,143,6,6,310
@2310233600,2310233855,1108596471,1108596471,0,65535,69,69,17,17,311
@2306436096,2306436351,2565813301,2565813301,0,65535,69,69,17,17,313
@2306450176,2306450431,2309239699,2309239699,0,65535,514,514,6,6,314
@2306450176,2306450431,1108563345,1108563345,0,65535,69,69,17,17,315
@4249933056,4249933311,2565635458,2565635458,0,65535,69,69,17,17,316
@3426129152,3426129407,2004178167,2004178167,0,65535,22,22,17,17,317
@3438602240,3438602495,2004214408,2004214408,0,65535,69,69,6,6,318
@3459877632,3459877887,2565813265,2565813265,0,65535,25,25,17,17,319
@3459877120,3459877375,3689233773,3689233773,0,65535,514,514,17,17,320
@3463040256,3463040511,2565813265,2565813265,0,65535,69,69,17,17,321
@3463000576,3463000831,1722619842,1722619842,0,65535,80,80,17,17,322
@3463000576,3463000831,1722649827,1722649827,0,65535,9003,9003,17,17,323
@3338715392,3338715647,1722651961,1722651961,0,65535,22,22,17,17,324
@3338717440,3338717695,1760973953,1760973953,0,65535,113,113,17,17,325
@3338717440,3338717695,2565813293,2565813293,0,65535,25,25,17,17,326
@3355362304,3355362559,3338820849,3338820849,0,65535,80,80,6,6,327
@3353357312,3353357567,1813017503,1813017503,0,65535,9003,9003,17,17,328
@3353390592,3353390847,3689233733,3689233733,0,65535,1433,1433,17,17,329
@3353388800,3353389055,1855125641,1855125641,0,65535,514,514,17,17,330
@3463000953,3463000953,2565813504,2565813759,0,65535,514,514,17,17,338
@811529216,811529727,2465799196,2465799196,0,65535,9003,9003,6,6,341
@3355362304,3355362815,3689233755,3689233755,0,65535,161,161,6,6,342
@811531406,811531406,1850535168,1850535231,20,23,0,65535,6,6,343
@1241158144,1241158655,1108563890,1108563890,0,65535,514,514,17,17,345
@1845633024,1845633535,948145185,948145185,0,65535,1723,1723,17,17,346
@1847782400,1847782911,2784154123,2784154123,0,65535,69,69,17,17,347
@1847779840,1847780351,1858661574,1858661574,0,65535,514,514,17,17,348
@811529216,811529727,1850535321,1850535321,0,65535,9003,9003,6,6,349
@811531776,811532287,2565635458,2565635458,0,65535,514,514,6,6,350
@811531776,811532287,2565635458,2565635458,0,65535,69,69,6,6,351
@2655571968,2655572479,3689251692,3689251692,0,65535,514,514,17,17,352
@2306449408,2306449919,3689227967,3689227967,0,65535,53,53,17,17,354
@4249933824,4249934335,1108563890,1108563890,0,65535,80,80,17,17,355
@3438101504,3438102015,2565635458,2565635458,0,65535,119,119,6,6,356
@3345279488,3345279999,1722651961,1722651961,0,65535,5540,5540,17,17,357
@1847783168,1847783423,1879081276,1879081276,0,65535,5000,5001,6,6,364
@811531520,811531775,779892264,779892264,0,65535,109,110,17,17,365
@811531520,811531775,2565635458,2565635458,0,65535,109,110,17,17,366
@2655480576,2655480831,1108596157,1108596157,0,65535,1645,1646,6,6,367
@3353357312,3353357567,1813017512,1813017512,0,65535,1645,1646,17,17,368
@3338715136,3338715647,2565813265,2565813265,161,161,0,65535,17,17,370
@2655572832,2655572847,1253778112,1253778175,500,500,0,65535,6,6,372
@3355362304,3355362559,1761012942,1761012942,0,65535,20,23,6,6,373
@3355362304,3355362559,1761012778,1761012778,0,65535,20,23,6,6,374
@1847783168,1847783423,1722651961,1722651961,0,65535,20,23,6,6,379
@956102656,956102911,2707946705,2707946705,0,65535,20,23,17,17,380
@810915840,810916095,1850535321,1850535321,0,65535,20,23,6,6,381
@811529984,811530239,2416138634,2416138634,0,65535,20,23,17,17,382
@3353388800,3353389055,1858629898,1858629898,0,65535,20,23,6,6,383
@999872544,999872559,1847782912,1847782975,161,161,0,65535,17,17,386
@3355362656,3355362671,1761012800,1761012863,1433,1433,0,65535,17,17,387
@2655479808,2655480319,1254386204,1254386204,0,65535,5000,5001,17,17,388
@2302029184,2302029247,2306434176,2306434191,0,65535,9003,9003,17,17,389
@2655480496,2655480511,3689251712,3689251839,161,161,0,65535,17,17,393
@1879058524,1879058524,4201341952,4201342975,20,21,0,65535,6,6,394
@174670080,174670207,214554352,214554367,0,65535,5550,5550,6,6,395
@811531264,811531391,1850535280,1850535295,0,65535,5540,5540,17,17,396
@1889211280,1889211280,4265797592,4265797592,0,65535,1024,65535,17,17,397
@1850525603,1850525603,3689251684,3689251684,0,65535,1024,65535,17,17,398
@1845494770,1845494770,1850535273,1850535273,0,65535,1024,65535,17,17,399
@1847779529,1847779529,1858661574,1858661574,0,65535,1024,65535,17,17,400
@1847779529,1847779529,2703482626,2703482626,0,65535,1024,65535,17,17,401
@956103100,956103100,2707946705,2707946705,0,65535,1024,65535,17,17,402
@956103100,956103100,956102924,956102924,0,65535,1024,65535,17,17,403
@999872569,999872569,779909314,779909314,0,65535,1024,65535,17,17,404
@999872569,999872569,2707908424,2707908424,0,65535,1024,65535,17,17,405
@999872569,999872569,1847782998,1847782998,0,65535,1024,65535,17,17,406
@999872569,999872569,2707908429,2707908429,0,65535,1024,65535,17,17,407
@810886192,810886192,2365454647,2365454647,0,65535,1024,65535,17,17,408
@810886178,810886178,779909368,779909368,0,65535,1024,65535,17,17,409
@810916228,810916228,2309258703,2309258703,0,65535,1024,65535,17,17,410
@811529742,811529742,779909368,779909368,0,65535,1024,65535,17,17,411
@811529742,811529742,2465799196,2465799196,0,65535,1024,65535,17,17,413
@811529742,811529742,1850535275,1850535275,0,65535,1024,65535,17,17,414
@811531406,811531406,805491652,805491652,0,65535,1024,65535,17,17,416
@3175137841,3175137841,3689251683,3689251683,0,65535,1024,65535,17,17,418
@2310210904,2310210904,2164935747,2164935747,0,65535,1024,65535,17,17,419
@2310226817,2310226817,3689251692,3689251692,0,65535,1024,65535,17,17,420
@2302021152,2302021152,3689228163,3689228163,0,65535,1024,65535,17,17,421
@2306450163,2306450163,1108563257,1108563257,0,65535,1024,65535,17,17,422
@2306450163,2306450163,2565813301,2565813301,0,65535,1024,65535,17,17,423
@2306450163,2306450163,1108563345,1108563345,0,65535,1024,65535,17,17,424
@2306450163,2306450163,1108563892,1108563892,0,65535,1024,65535,17,17,425
@3438101952,3438101952,3422788735,3422788735,0,65535,1024,65535,17,17,426
@3469355014,3469355014,2565813265,2565813265,0,65535,1024,65535,17,17,427
@3463040277,3463040277,3463040508,3463040508,0,65535,1024,65535,17,17,428
@3463000953,3463000953,1722619842,1722619842,0,65535,1024,65535,17,17,429
@3463000953,3463000953,3689233773,3689233773,0,65535,1024,65535,17,17,430
@3338715349,3338715349,1760973976,1760973976,0,65535,1024,65535,17,17,431
@3338715349,3338715349,1760973970,1760973970,0,65535,1024,65535,17,17,432
@3338717274,3338717274,2565813293,2565813293,0,65535,1024,65535,17,17,433
@3338717274,3338717274,1760973954,1760973954,0,65535,1024,65535,17,17,434
@3355362687,3355362687,1761012942,1761012942,0,65535,1024,65535,17,17,435
@3353388693,3353388693,2565813301,2565813301,0,65535,1024,65535,17,17,438
@2655528960,2655529471,1415309568,1415309631,0,65535,119,119,17,17,443
@1325072384,1325137919,999859524,999859524,0,65535,514,514,17,17,448
@180092928,180158463,180719472,180719472,0,65535,69,69,17,17,450
@2306408448,2306473983,1108563345,1108563345,0,65535,53,53,17,17,453
@4201316352,4201381887,1108563890,1108563890,0,65535,53,53,6,6,454
@3426091008,3426156543,2565635458,2565635458,0,65535,514,514,17,17,455
@3353346048,3353411583,2565813293,2565813293,0,65535,53,53,6,6,456
@1088318884,1088318884,3797483520,3797549055,0,65535,22,22,17,17,457
@3355362304,3355362559,2565813504,2565813759,0,65535,80,80,17,17,465
@999817216,999882751,779909367,779909367,22,22,0,65535,17,17,466
@811466752,811532287,2664490881,2664490881,25,25,0,65535,6,6,467
@3353346048,3353411583,1761012738,1761012738,161,161,0,65535,17,17,468
@3355362304,3355362815,3348016128,3348016383,0,65535,80,80,6,6,475
@1847779840,1847780351,2703449600,2703449855,0,65535,53,53,17,17,480
@3353390080,3353390591,2565813504,2565813759,0,65535,514,514,17,17,484
@3343487488,3343487999,2565813504,2565813759,80,80,0,65535,17,17,487
@3353346048,3353411583,1858629898,1858629898,0,65535,1645,1646,6,6,489
@999872768,999873023,779909314,779909314,0,65535,20,2511,6,6,490
@3462922240,3463053311,3689233760,3689233767,0,65535,69,69,6,6,493
@811466752,811597823,2653674528,2653674535,0,65535,500,500,17,17,498
@811529984,811530239,1850535321,1850535321,0,65535,1024,65535,17,17,500
@811531520,811531775,2664490881,2664490881,0,65535,1024,65535,17,17,501
@2655480576,2655480831,3689251692,3689251692,0,65535,1024,65535,17,17,502
@2306450176,2306450431,1108563892,1108563892,0,65535,1024,65535,17,17,503
@811531776,811532287,1850535273,1850535273,0,65535,1024,65535,17,17,505
@2655480483,2655480483,1108596141,1108596141,0,65535,0,65535,0,255,506
@3469355024,3469355039,1885387776,1885388031,0,65535,0,65535,6,6,507
@3353388800,3353389055,1855125648,1855125663,0,65535,0,65535,47,47,508
@4201332480,4201332543,4201338084,4201338084,0,65535,0,65535,0,255,513
@1850474496,1850540031,3689251703,3689251703,0,65535,1024,65535,17,17,514
@3355362304,3355362559,2565813504,2565813759,0,65535,0,65535,6,6,522
@0,4294967295,447944330,447944330,0,65535,1645,1645,6,6,523
@0,4294967295,447790837,447790837,0,65535,514,514,6,6,524
@0,4294967295,1045268755,1045268755,0,65535,69,69,6,6,525
@0,4294967295,1045289024,1045289024,20,20,0,65535,6,6,526
@4201365376,4201365503,2058375832,2058375832,0,65535,0,65535,0,255,527
@811531520,811531775,2565635072,2565635327,0,65535,0,65535,47,47,530
@3469355264,3469355519,2565813504,2565813759,0,65535,0,65535,6,6,533
@3463040256,3463040511,2565813504,2565813759,0,65535,0,65535,6,6,534
@0,4294967295,214692179,214692179,0,65535,69,69,6,6,540
@0,4294967295,392299843,392299843,0,65535,9003,9003,6,6,541
@0,4294967295,521387251,521387251,0,65535,139,139,17,17,542
@0,4294967295,521361298,521361298,0,65535,1433,1433,17,17,543
@0,4294967295,447944371,447944371,0,65535,80,80,6,6,544
@0,4294967295,447944330,447944330,0,65535,5631,5631,17,17,545
@0,4294967295,447790837,447790837,0,65535,123,123,17,17,546
@0,4294967295,447790837,447790837,0,65535,69,69,6,6,547
@0,4294967295,1045268745,1045268745,0,65535,137,137,17,17,549
@0,4294967295,1045289084,1045289084,0,65535,69,69,17,17,550
@0,4294967295,1045396255,1045396255,0,65535,119,119,17,17,551
@0,4294967295,1045396351,1045396351,0,65535,514,514,17,17,552
@0,4294967295,999841941,999841941,0,65535,69,69,17,17,553
@0,4294967295,1425452870,1425452870,0,65535,137,137,17,17,554
@0,4294967295,1425452870,1425452870,0,65535,514,514,17,17,555
@0,4294967295,1409616126,1409616126,0,65535,514,514,6,6,556
@0,4294967295,521373009,521373009,80,80,0,65535,6,6,560
@0,4294967295,521391841,521391841,5632,5632,0,65535,6,6,561
@0,4294967295,521361293,521361293,25,25,0,65535,6,6,562
@0,4294967295,1045268766,1045268766,25,25,0,65535,6,6,565
@0,4294967295,999841956,999841956,22,22,0,65535,17,17,566
@0,4294967295,1425413171,1425413171,53,53,0,65535,17,17,567
@0,4294967295,521361296,521361296,0,65535,1645,1646,6,6,568
@3353388032,3353388543,2565813504,2565813759,0,65535,0,65535,6,6,570
@2655480064,2655480319,2653621775,2653621775,0,65535,0,65535,0,255,571
@811530240,811531263,2565635072,2565635327,0,65535,0,65535,6,6,575
@3355360256,3355360767,1760988780,1760988780,0,65535,0,65535,0,255,577
@956063488,956063551,1858661616,1858661631,0,65535,0,65535,0,255,578
@811531456,811531519,2565635472,2565635487,0,65535,0,65535,0,255,579
@3353391040,3353391103,1813017520,1813017535,0,65535,0,65535,0,255,580
@0,4294967295,447944330,447944330,0,65535,20,23,6,6,581
@811531408,811531423,2565635520,2565635583,0,65535,0,65535,0,255,582
@3355362656,3355362671,1760988672,1760988735,0,65535,0,65535,0,255,584
@0,4294967295,1425427976,1425427979,53,53,0,65535,17,17,585
@810909696,810942463,2424116352,2424116367,0,65535,0,65535,6,6,588
@2306441216,2306473983,1108563232,1108563247,0,65535,0,65535,6,6,589
@1847779584,1847779839,956102704,956102719,0,65535,0,65535,0,255,592
@811531520,811531775,2653621920,2653621935,0,65535,0,65535,0,255,594
@2655480576,2655480831,1254386112,1254386127,0,65535,0,65535,0,255,595
@2302021120,2302021375,3689228176,3689228191,0,65535,0,65535,0,255,596
@3353388800,3353389055,1858661536,1858661551,0,65535,0,65535,0,255,597
@3338715328,3338715343,2565813504,2565813759,0,65535,0,65535,0,255,601
@3338717248,3338717263,3338717184,3338717439,0,65535,0,65535,0,255,602
@2302021120,2302021151,2565813504,2565813759,0,65535,0,65535,0,255,604
@2306449408,2306449919,2365405440,2365405455,0,65535,0,65535,0,255,606
@3355362688,3355362815,3266997952,3266998015,0,65535,0,65535,0,255,607
@1889262592,1889263615,4143085744,4143085759,0,65535,0,65535,0,255,608
@4201331712,4201332735,1108563872,1108563887,0,65535,0,65535,0,255,609
@1847779584,1847779839,2703426880,2703426943,0,65535,0,65535,0,255,624
@811531520,811531775,1850535168,1850535231,0,65535,0,65535,0,255,628
@3463000576,3463000831,1722619776,1722619839,0,65535,0,65535,0,255,631
@3338715392,3338715647,3689233664,3689233727,0,65535,0,65535,0,255,632
@3355362304,3355362559,1760988672,1760988735,0,65535,0,65535,0,255,633
@3355362304,3355362559,3689233664,3689233727,0,65535,0,65535,0,255,634
@3353388800,3353389055,1858629952,1858630015,0,65535,0,65535,0,255,636
@0,4294967295,447790720,447790783,0,65535,69,69,17,17,637
@0,4294967295,1418889408,1418889471,0,65535,1723,1723,17,17,638
@1850494976,1850495231,948145280,948145407,0,65535,0,65535,0,255,641
@811531520,811531775,2565635328,2565635455,0,65535,0,65535,0,255,642
@3353388800,3353389055,2565813376,2565813503,0,65535,0,65535,0,255,643
@811529216,811529727,779909248,779909311,0,65535,0,65535,0,255,647
@3338715136,3338715647,1760974016,1760974079,0,65535,0,65535,0,255,648
@3353357824,3353358335,2565813312,2565813375,0,65535,0,65535,0,255,649
@3345235840,3345235967,2565813504,2565813759,0,65535,0,65535,0,255,653
@3175107584,3175107839,1409679360,1409712127,0,65535,0,65535,6,6,659
@1879058688,1879058943,4201213696,4201213951,0,65535,0,65535,0,255,675
@1879058688,1879058943,1879058944,1879059199,0,65535,0,65535,0,255,676
@810915840,810916095,2416083200,2416083455,0,65535,0,65535,0,255,692
@811529984,811530239,2664432896,2664433151,0,65535,0,65535,0,255,695
@811531520,811531775,814649344,814649599,0,65535,0,65535,0,255,698
@2655480576,2655480831,2565813504,2565813759,0,65535,0,65535,0,255,705
@4249692672,4249692927,3758735616,3758735871,0,65535,0,65535,0,255,712
@4249738752,4249739007,3758735616,3758735871,0,65535,0,65535,0,255,713
@3472245504,3472245759,2565813504,2565813759,0,65535,0,65535,0,255,718
@3463000576,3463000831,2565813504,2565813759,0,65535,0,65535,0,255,720
@3355358976,3355359231,2565813504,2565813759,0,65535,0,65535,0,255,729
@3353357312,3353357567,2565813504,2565813759,0,65535,0,65535,0,255,730
@3353388800,3353389055,2565813504,2565813759,0,65535,0,65535,0,255,734
@1879058432,1879059455,948145216,948145279,0,65535,0,65535,0,255,735
@3338717184,3338718207,1760974016,1760974079,0,65535,0,65535,0,255,737
@811531776,811532287,2565635072,2565635327,0,65535,0,65535,0,255,762
@3355345408,3355345919,2565813504,2565813759,0,65535,0,65535,0,255,770
@3353357824,3353358335,2565813504,2565813759,0,65535,0,65535,0,255,772
@1847782400,1847783423,2703449600,2703449855,0,65535,0,65535,0,255,785
@3353378816,3353411583,1858629904,1858629919,0,65535,0,65535,0,255,800
@1850474496,1850540031,1761012800,1761012863,0,65535,0,65535,0,255,806
@3459842048,3459907583,3689233664,3689233727,0,65535,0,65535,0,255,810
@811466752,811532287,2664440448,2664440575,0,65535,0,65535,0,255,816
@0,4294967295,447944375,447944375,0,65535,1024,65535,17,17,817
@0,4294967295,1418939490,1418939490,0,65535,1024,65535,17,17,818
@3438575616,3438608383,2565635072,2565635327,0,65535,0,65535,0,255,820
@3175088128,3175153663,2565813504,2565813759,0,65535,0,65535,0,255,861
@2310209536,2310275071,2565813504,2565813759,0,65535,0,65535,0,255,866
@3459842048,3459907583,3470343680,3470343935,0,65535,0,65535,0,255,870
@966347264,966347775,966328320,966393855,0,65535,0,65535,0,255,877
@0,4294967295,64559296,64559359,0,65535,0,65535,1,1,890
@0,4294967295,1045289085,1045289085,0,65535,0,65535,0,255,900
@0,4294967295,1418740224,1418740479,0,65535,0,65535,6,6,901
@0,4294967295,64615024,64615039,0,65535,0,65535,0,255,903
@0,4294967295,1045396224,1045396239,0,65535,0,65535,0,255,904
@0,4294967295,0,4294967295,0,65535,0,65535,0,255,937
#1,271
@999872569,999872569,2707908416,2707908479,161,161,0,65535,6,6,180
@1325135708,1325135708,999859520,999859583,1433,1433,0,65535,6,6,183
@1845494747,1845494747,1813017472,1813017535,53,53,0,65535,6,6,185
@1847783071,1847783071,2784154112,2784154175,53,53,0,65535,17,17,186
@956103100,956103100,814639872,814639935,5540,5540,0,65535,17,17,187
@811529742,811529742,2664433408,2664433471,53,53,0,65535,6,6,188
@4249936537,4249936537,1108563840,1108563903,161,161,0,65535,17,17,192
@3353357703,3353357703,1813017472,1813017535,5540,5540,0,65535,17,17,193
@3353391014,3353391014,1813017472,1813017535,5540,5540,0,65535,17,17,195
@810886178,810886178,956102656,956102719,109,110,0,65535,6,6,201
@3463040277,3463040277,1722619776,1722619903,5520,5520,0,65535,6,6,202
@956103100,956103100,2707908416,2707908479,20,21,0,65535,6,6,205
@1879058524,1879058524,4209041408,4209041663,161,161,0,65535,6,6,206
@1847779529,1847779529,956102656,956102911,161,161,0,65535,6,6,207
@956103100,956103100,599233024,599233279,53,53,0,65535,6,6,208
@3353388693,3353388693,1858629888,1858630143,69,69,0,65535,6,6,211
@999872569,999872569,1045396224,1045396351,23,23,0,65535,17,17,222
@811531406,811531406,908504704,908504831,161,161,0,65535,17,17,223
@1850525603,1850525603,1879081216,1879081471,5510,5510,0,65535,17,17,229
@1850495345,1850495345,1761012736,1761012991,53,53,0,65535,6,6,230
@1850495345,1850495345,1108563712,1108563967,22,22,0,65535,17,17,231
@1847783071,1847783071,2784154112,2784154367,1433,1433,0,65535,17,17,232
@169332195,169332195,1858661376,1858661631,22,22,0,65535,17,17,233
@999872569,999872569,2707908352,2707908607,80,80,0,65535,6,6,234
@999872569,999872569,956102912,956103167,161,161,0,65535,6,6,235
@810886192,810886192,2365454592,2365454847,5530,5530,0,65535,6,6,236
@810886178,810886178,1847770880,1847771135,161,161,0,65535,6,6,237
@810886178,810886178,2306434048,2306434303,5540,5540,0,65535,6,6,238
@810916228,810916228,2306434048,2306434303,5530,5530,0,65535,6,6,239
@811529742,811529742,1850535168,1850535423,80,80,0,65535,6,6,241
@811531406,811531406,2664490752,2664491007,123,123,0,65535,17,17,243
@811531406,811531406,1850535168,1850535423,161,161,0,65535,17,17,244
@2655480345,2655480345,2309239552,2309239807,143,143,0,65535,6,6,246
@2655480345,2655480345,2653621760,2653622015,53,53,0,65535,6,6,247
@2306450163,2306450163,1108563200,1108563455,53,53,0,65535,6,6,248
@2306450163,2306450163,1108563200,1108563455,161,161,0,65535,17,17,249
@4201332681,4201332681,4265830656,4265830911,5550,5550,0,65535,6,6,251
@3463001075,3463001075,1722649600,1722649855,5530,5530,0,65535,17,17,253
@3355344924,3355344924,1760973824,1760974079,161,161,0,65535,6,6,255
@3355360446,3355360446,1760988672,1760988927,80,80,0,65535,17,17,256
@3353357703,3353357703,1813017344,1813017599,80,80,0,65535,6,6,259
@3353357703,3353357703,1813017344,1813017599,53,53,0,65535,17,17,260
@3353391017,3353391017,1813017344,1813017599,53,53,0,65535,6,6,261
@3353391015,3353391015,1855125504,1855125759,161,161,0,65535,6,6,262
@811531520,811531775,2565635458,2565635458,25,25,0,65535,6,6,274
@2310225920,2310226175,1108596455,1108596455,5540,5540,0,65535,6,6,275
@810915840,810916095,1850535321,1850535321,0,65535,69,69,17,17,296
@811529984,811530239,2465799196,2465799196,0,65535,514,514,17,17,301
@169332008,169332008,180719360,180719615,0,65535,162,162,17,17,331
@180124225,180124225,447790592,447790847,0,65535,53,53,17,17,332
@810916228,810916228,956102912,956103167,0,65535,53,53,6,6,333
@810916228,810916228,2309258496,2309258751,0,65535,80,80,17,17,334
@2655480345,2655480345,3689251584,3689251839,0,65535,9003,9003,6,6,335
@2302031826,2302031826,3689228032,3689228287,0,65535,80,80,6,6,336
@2306436011,2306436011,3689227776,3689228031,0,65535,69,69,17,17,337
@3353388693,3353388693,1858661376,1858661631,0,65535,69,69,17,17,339
@999872569,999872569,1847782912,1847783423,53,53,0,65535,6,6,340
@2655572814,2655572814,1253777920,1253778175,109,110,0,65535,6,6,344
@1879058524,1879058524,948145152,948145407,109,110,0,65535,6,6,358
@1847779529,1847779529,1879072000,1879072255,1645,1646,0,65535,6,6,359
@810886193,810886193,2365454592,2365454847,109,110,0,65535,17,17,360
@811531406,811531406,2653674496,2653674751,109,110,0,65535,17,17,361
@2310238357,2310238357,1108595968,1108596223,109,110,0,65535,17,17,362
@3469355062,3469355062,3377502720,3377502975,20,21,0,65535,6,6,363
@811531776,811532287,2565635458,2565635458,1433,1433,0,65535,17,17,369
@3353388032,3353388543,1855125641,1855125641,161,161,0,65535,6,6,371
@3355362687,3355362687,1761012736,1761013247,53,53,0,65535,17,17,375
@3353391014,3353391014,3689233408,3689233919,161,161,0,65535,17,17,376
@3353388800,3353389055,1858629898,1858629898,109,110,0,65535,6,6,377
@3353388693,3353388693,1858661376,1858661631,20,23,0,65535,6,6,378
@1847779529,1847779529,1879072000,1879072255,20,23,0,65535,6,6,384
@4201365354,4201365354,2058375680,2058375935,20,23,0,65535,6,6,385
@1889211264,1889211279,4143090688,4143090815,161,161,0,65535,17,17,391
@810916240,810916255,956102912,956103039,161,161,0,65535,17,17,392
@811529742,811529742,779892264,779892264,0,65535,1024,65535,17,17,412
@811531406,811531406,779892264,779892264,0,65535,1024,65535,17,17,415
@811531406,811531406,2565635458,2565635458,0,65535,1024,65535,17,17,417
@3353357710,3353357710,3689233730,3689233730,0,65535,1024,65535,17,17,436
@3353388693,3353388693,1855125641,1855125641,0,65535,1024,65535,17,17,437
@1879058659,1879058659,3689218048,3689283583,53,53,0,65535,6,6,439
@811529742,811529742,2465792000,2465857535,53,53,0,65535,6,6,440
@811529216,811529727,2465799168,2465799231,0,65535,80,80,17,17,442
@3353388032,3353388543,1858661504,1858661567,0,65535,53,53,17,17,444
@811531520,811531775,1850535168,1850535423,0,65535,514,514,6,6,445
@2306450176,2306450431,1108563712,1108563967,0,65535,514,514,6,6,446
@810916228,810916228,805437440,805502975,0,65535,69,69,17,17,458
@4249933238,4249933238,1108541440,1108606975,0,65535,69,69,17,17,459
@4201365317,4201365317,3758686208,3758751743,0,65535,514,514,6,6,460
@3463040277,3463040277,1722613760,1722679295,0,65535,69,69,17,17,461
@956063744,956063999,599233024,599233279,0,65535,53,53,6,6,462
@956102656,956102911,2707946496,2707946751,0,65535,137,137,17,17,463
@811531520,811531775,2664490752,2664491007,0,65535,53,53,6,6,464
@999872569,999872569,999817216,999882751,1433,1433,0,65535,17,17,469
@811529742,811529742,956039168,956104703,5632,5632,0,65535,6,6,470
@2655480483,2655480483,1108541440,1108606975,5500,5500,0,65535,6,6,471
@2306450163,2306450163,1108541440,1108606975,5000,5001,0,65535,6,6,472
@3355358720,3355359231,2565813504,2565813759,161,161,0,65535,6,6,474
@3353357824,3353358335,3689233664,3689233919,0,65535,9003,9003,6,6,476
@3353390592,3353390847,1813017344,1813017599,22,22,0,65535,17,17,477
@1230778368,1230778879,3849258496,3849258751,0,65535,514,514,17,17,478
@1847782400,1847782911,2784154112,2784154367,0,65535,69,69,17,17,479
@999873024,999873535,779909120,779909375,0,65535,69,69,17,17,481
@3353357824,3353358335,1813017344,1813017599,0,65535,53,53,17,17,483
@3353390080,3353390591,1855125504,1855125759,0,65535,25,25,6,6,485
@811529216,811529727,1850535168,1850535423,161,161,0,65535,17,17,486
@2310238357,2310238357,2565799936,2565865471,20,23,0,65535,6,6,488
@3438101954,3438101954,2565603328,2565668863,20,23,0,65535,6,6,491
@3355362687,3355362687,3689218048,3689283583,20,23,0,65535,6,6,492
@1879058496,1879058511,4201185280,4201250815,161,161,0,65535,17,17,494
@2655480320,2655480335,2309226496,2309292031,123,123,0,65535,6,6,495
@3438602720,3438602735,2565603328,2565668863,123,123,0,65535,17,17,496
@3469355024,3469355039,1885405184,1885470719,22,22,0,65535,6,6,497
@810886400,810886655,1847721984,1847787519,0,65535,514,514,6,6,504
@3463000960,3463001023,1722649600,1722649855,0,65535,0,65535,6,6,509
@999872768,999873023,2707908416,2707908479,0,65535,0,65535,17,17,510
@3353388800,3353389055,1855125632,1855125695,0,65535,0,65535,6,6,511
@811531456,811531519,1850535275,1850535275,0,65535,0,65535,0,255,512
@1847782912,1847783039,956043776,956044031,0,65535,0,65535,47,47,515
@999872569,999872569,0,4294967295,25,25,0,65535,6,6,516
@2306436371,2306436371,0,4294967295,1433,1433,0,65535,6,6,517
@810915840,810916095,2309258496,2309258751,0,65535,0,65535,1,1,518
@810915840,810916095,2416138496,2416138751,0,65535,0,65535,6,6,519
@811529984,811530239,2465799168,2465799423,0,65535,0,65535,1,1,520
@1879058688,1879058943,1850535168,1850535423,0,65535,0,65535,1,1,528
@811529984,811530239,2465799168,2465799423,0,65535,0,65535,6,6,529
@2306436096,2306436351,1108596224,1108596479,0,65535,0,65535,6,6,531
@2306450176,2306450431,1108563200,1108563455,0,65535,0,65535,50,50,532
@1879058639,1879058639,0,4294967295,161,161,0,65535,17,17,535
@3438101954,3438101954,0,4294967295,80,80,0,65535,17,17,537
@3338717274,3338717274,0,4294967295,53,53,0,65535,6,6,538
@3353357703,3353357703,0,4294967295,53,53,0,65535,6,6,539
@1879058659,1879058659,0,4294967295,0,65535,9003,9003,17,17,557
@3353391017,3353391017,0,4294967295,0,65535,1433,1433,17,17,559
@811531776,811532287,2653637120,2653637375,0,65535,0,65535,6,6,569
@2306450432,2306451455,1108563328,1108563391,0,65535,0,65535,6,6,572
@2306436096,2306436351,2306434048,2306434559,0,65535,0,65535,6,6,576
@2306450144,2306450159,3689227904,3689227967,0,65535,0,65535,0,255,583
@1847779328,1847779455,956043776,956043791,0,65535,0,65535,0,255,587
@1845494720,1845494735,956039168,956104703,0,65535,0,65535,6,6,591
@956056576,956056831,2707946720,2707946735,0,65535,0,65535,0,255,593
@4201365248,4201365311,2058375808,2058375871,0,65535,0,65535,0,255,598
@3438101888,3438101951,1893967744,1893967807,0,65535,0,65535,0,255,599
@3345279648,3345279663,1722651904,1722652159,0,65535,0,65535,0,255,600
@999872512,999872543,779909120,779909375,0,65535,0,65535,0,255,603
@1850495232,1850495295,2778283520,2778283775,0,65535,0,65535,0,255,610
@1845494656,1845494719,956046592,956046847,0,65535,0,65535,0,255,611
@1847783104,1847783167,2784154112,2784154367,0,65535,0,65535,0,255,612
@1847779456,1847779519,1879072000,1879072255,0,65535,0,65535,0,255,613
@956064192,956064255,2707946496,2707946751,0,65535,0,65535,0,255,614
@811529792,811529855,2465799168,2465799423,0,65535,0,65535,0,255,615
@3175147456,3175147519,1415309568,1415309823,0,65535,0,65535,0,255,616
@2310210816,2310210879,1108595968,1108596223,0,65535,0,65535,0,255,617
@2310238400,2310238463,1108595968,1108596223,0,65535,0,65535,0,255,618
@2302021184,2302021247,1108596224,1108596479,0,65535,0,65535,0,255,619
@3463000832,3463000895,1722619648,1722619903,0,65535,0,65535,0,255,620
@3353357760,3353357823,1813017344,1813017599,0,65535,0,65535,0,255,621
@1847783168,1847783423,1847770880,1847770943,0,65535,0,65535,0,255,622
@1847783168,1847783423,956043840,956043903,0,65535,0,65535,0,255,623
@180124416,180124671,2707946560,2707946623,0,65535,0,65535,0,255,625
@811531520,811531775,908501952,908502015,0,65535,0,65535,0,255,627
@2655572480,2655572735,2465799168,2465799231,0,65535,0,65535,0,255,629
@2655480576,2655480831,2465799168,2465799231,0,65535,0,65535,0,255,630
@3353357312,3353357567,1813017472,1813017535,0,65535,0,65535,0,255,635
@3463040320,3463040383,1722613760,1722679295,0,65535,0,65535,47,47,640
@1845633024,1845633535,2784154176,2784154239,0,65535,0,65535,0,255,645
@999873024,999873535,2707908416,2707908479,0,65535,0,65535,0,255,646
@956102912,956103039,2707908352,2707908607,0,65535,0,65535,0,255,650
@2310210944,2310211071,1108595968,1108596223,0,65535,0,65535,0,255,651
@2306449920,2306450047,1108563200,1108563455,0,65535,0,65535,0,255,652
@3353388544,3353388671,1858661376,1858661631,0,65535,0,65535,0,255,654
@811529984,811530239,779878400,779943935,0,65535,0,65535,1,1,655
@2306450176,2306450431,2309226496,2309292031,0,65535,0,65535,1,1,657
@3353390592,3353390847,1812987904,1813053439,0,65535,0,65535,6,6,658
@2306450048,2306450111,2246669312,2246669823,0,65535,0,65535,0,255,662
@1080890880,1080891135,0,4294967295,0,65535,514,514,17,17,663
@1850530304,1850530559,0,4294967295,0,65535,69,69,6,6,664
@169328896,169329151,0,4294967295,0,65535,69,69,6,6,665
@2310233600,2310233855,0,4294967295,0,65535,80,80,17,17,669
@1176158976,1176159231,948145152,948145407,0,65535,0,65535,0,255,674
@1879058688,1879058943,4209041408,4209041663,0,65535,0,65535,0,255,677
@1850494976,1850495231,1879081216,1879081471,0,65535,0,65535,0,255,679
@1845494272,1845494527,956046592,956046847,0,65535,0,65535,0,255,680
@1845494272,1845494527,1879081216,1879081471,0,65535,0,65535,0,255,681
@1847779584,1847779839,2703426816,2703427071,0,65535,0,65535,0,255,682
@1847779584,1847779839,2703482624,2703482879,0,65535,0,65535,0,255,683
@176526848,176527103,2707946496,2707946751,0,65535,0,65535,0,255,684
@180124416,180124671,1858661376,1858661631,0,65535,0,65535,0,255,685
@956063744,956063999,948145152,948145407,0,65535,0,65535,0,255,687
@999872768,999873023,447790592,447790847,0,65535,0,65535,0,255,688
@999872768,999873023,1847770880,1847771135,0,65535,0,65535,0,255,689
@810915840,810916095,2309235712,2309235967,0,65535,0,65535,0,255,691
@811531520,811531775,779892224,779892479,0,65535,0,65535,0,255,697
@811531520,811531775,2653621760,2653622015,0,65535,0,65535,0,255,699
@811531520,811531775,2565635072,2565635327,0,65535,0,65535,0,255,700
@3175138048,3175138303,1415309568,1415309823,0,65535,0,65535,0,255,701
@2655543552,2655543807,1415309568,1415309823,0,65535,0,65535,0,255,702
@2655480064,2655480319,2664490752,2664491007,0,65535,0,65535,0,255,703
@2655480576,2655480831,2309239552,2309239807,0,65535,0,65535,0,255,704
@2655480576,2655480831,1108595968,1108596223,0,65535,0,65535,0,255,706
@2655480576,2655480831,3689251584,3689251839,0,65535,0,65535,0,255,707
@2306436096,2306436351,3689227776,3689228031,0,65535,0,65535,0,255,709
@3426121472,3426121727,3377502720,3377502975,0,65535,0,65535,0,255,716
@3438101504,3438101759,1893957120,1893957375,0,65535,0,65535,0,255,717
@3463000576,3463000831,1722619648,1722619903,0,65535,0,65535,0,255,721
@3463000576,3463000831,3377502720,3377502975,0,65535,0,65535,0,255,722
@3345235712,3345235967,1722651904,1722652159,0,65535,0,65535,0,255,723
@3338715392,3338715647,1722651904,1722652159,0,65535,0,65535,0,255,724
@3338717440,3338717695,1760973824,1760974079,0,65535,0,65535,0,255,725
@3338717440,3338717695,3377479168,3377479423,0,65535,0,65535,0,255,726
@3355360512,3355360767,1760988672,1760988927,0,65535,0,65535,0,255,728
@3353388800,3353389055,3689233664,3689233919,0,65535,0,65535,0,255,732
@1845633024,1845633535,2778283648,2778283775,0,65535,0,65535,0,255,738
@810916352,810916863,779909248,779909375,0,65535,0,65535,0,255,739
@2306436608,2306437119,1108563200,1108563327,0,65535,0,65535,0,255,740
@956064192,956064255,1847782400,1847783423,0,65535,0,65535,0,255,745
@811531456,811531519,2653674496,2653675519,0,65535,0,65535,0,255,746
@1879058944,1879059455,948145152,948145407,0,65535,0,65535,0,255,750
@180123648,180124159,2707946496,2707946751,0,65535,0,65535,0,255,752
@999873024,999873535,1847770880,1847771135,0,65535,0,65535,0,255,756
@810916352,810916863,1850535168,1850535423,0,65535,0,65535,0,255,759
@811529216,811529727,956102912,956103167,0,65535,0,65535,0,255,760
@811531776,811532287,2664490752,2664491007,0,65535,0,65535,0,255,761
@3175146496,3175147007,3689251584,3689251839,0,65535,0,65535,0,255,763
@2306449408,2306449919,1108563200,1108563455,0,65535,0,65535,0,255,766
@4201331712,4201332223,1108563712,1108563967,0,65535,0,65535,0,255,767
@3338717696,3338718207,3689233664,3689233919,0,65535,0,65535,0,255,768
@3338717696,3338718207,1760973824,1760974079,0,65535,0,65535,0,255,769
@3353357824,3353358335,1761012736,1761012991,0,65535,0,65535,0,255,771
@3353388032,3353388543,1858629888,1858630143,0,65535,0,65535,0,255,773
@999872768,999873023,999841792,999842303,0,65535,0,65535,0,255,774
@3355345408,3355345663,1760988672,1760989183,0,65535,0,65535,0,255,776
@1879058688,1879058943,1879058432,1879059455,0,65535,0,65535,0,255,780
@1847779584,1847779839,2703449088,2703450111,0,65535,0,65535,0,255,781
@2655480064,2655480319,1254385664,1254386687,0,65535,0,65535,0,255,783
@3175107584,3175108607,2707908352,2707908607,0,65535,0,65535,0,255,788
@811530240,811531263,2565635072,2565635583,0,65535,0,65535,0,255,798
@4249933824,4249934847,2565635072,2565635583,0,65535,0,65535,0,255,799
@1847783040,1847783055,2703425536,2703491071,0,65535,0,65535,0,255,801
@180124240,180124255,447741952,447807487,0,65535,0,65535,0,255,802
@811531408,811531423,2653618176,2653683711,0,65535,0,65535,0,255,803
@3338717248,3338717263,3266969600,3267035135,0,65535,0,65535,0,255,804
@3355362656,3355362671,1760952320,1761017855,0,65535,0,65535,0,255,805
@999872576,999872639,1847721984,1847787519,0,65535,0,65535,0,255,812
@3175137856,3175137919,1409679360,1409744895,0,65535,0,65535,0,255,813
@2655479808,2655479871,1254359040,1254424575,0,65535,0,65535,0,255,814
@3438101888,3438101951,2565603328,2565668863,0,65535,0,65535,0,255,815
@3438588928,3438589183,2004156416,2004189183,0,65535,0,65535,0,255,822
@3463000576,3463000831,2565799936,2565832703,0,65535,0,65535,0,255,823
@3338717312,3338717439,1760952320,1761017855,0,65535,0,65535,0,255,824
@1879058688,1879058943,948109312,948174847,0,65535,0,65535,0,255,826
@810886400,810886655,779878400,779943935,0,65535,0,65535,0,255,830
@810915840,810916095,2306408448,2306473983,0,65535,0,65535,0,255,831
@3175147008,3175147263,1415249920,1415315455,0,65535,0,65535,0,255,836
@2655572480,2655572735,1254359040,1254424575,0,65535,0,65535,0,255,837
@4249738752,4249739007,1108541440,1108606975,0,65535,0,65535,0,255,839
@3426129152,3426129407,2004156416,2004221951,0,65535,0,65535,0,255,841
@3438101504,3438101759,2565799936,2565865471,0,65535,0,65535,0,255,843
@3459883264,3459883519,1722613760,1722679295,0,65535,0,65535,0,255,844
@3343460096,3343460351,1722613760,1722679295,0,65535,0,65535,0,255,845
@3355362304,3355362559,2565799936,2565865471,0,65535,0,65535,0,255,846
@174063616,174129151,2703482624,2703482879,0,65535,0,65535,0,255,853
@2302027776,2302028287,2246639616,2246705151,0,65535,0,65535,0,255,880
@811528192,811529215,2465792000,2465857535,0,65535,0,65535,0,255,886
@811530240,811531263,1850474496,1850540031,0,65535,0,65535,0,255,887
@2655479901,2655479901,0,4294967295,0,65535,0,65535,0,255,896
@2306450176,2306450431,0,4294967295,0,65535,0,65535,17,17,898
@2302029184,2302029247,0,4294967295,0,65535,0,65535,0,255,906
@2310226432,2310226687,0,4294967295,0,65535,0,65535,0,255,918
@1180915712,1180916223,0,4294967295,0,65535,0,65535,0,255,926
@811466752,811499519,0,4294967295,0,65535,0,65535,0,255,932
@0,4294967295,0,4294967295,0,65535,0,65535,0,255,937
#2,74
@2306435840,2306436095,1108596455,1108596455,5500,5500,0,65535,6,6,276
@2302021120,2302021375,2565813301,2565813301,0,65535,80,80,17,17,312
@2655479808,2655480319,3689251692,3689251692,0,65535,514,514,17,17,353
@3438101504,3438102015,1893967780,1893967780,0,65535,20,23,6,6,390
@1845494272,1845494783,956046720,956046783,0,65535,69,69,17,17,441
@4249878528,4249944063,2565635458,2565635458,0,65535,69,69,6,6,447
@1879048192,1879113727,4209041524,4209041524,0,65535,9003,9003,17,17,449
@811466752,811532287,1850535273,1850535273,0,65535,69,69,17,17,451
@811466752,811532287,2565635458,2565635458,0,65535,69,69,17,17,452
@999872569,999872569,2707908352,2707908607,1024,65535,0,65535,17,17,499
@4201365248,4201365503,2058375680,2058375935,0,65535,0,65535,1,1,521
@0,4294967295,447944330,447944330,161,161,0,65535,6,6,563
@0,4294967295,447790837,447790837,80,80,0,65535,17,17,564
@811529984,811530239,779892224,779892287,0,65535,0,65535,0,255,626
@3426091008,3426123775,2058375680,2058375935,0,65535,0,65535,6,6,639
@3353388800,3353389055,1858629888,1858630015,0,65535,0,65535,0,255,644
@1850525440,1850525695,948145152,948145407,0,65535,0,65535,0,255,678
@180124416,180124671,2707946496,2707946751,0,65535,0,65535,0,255,686
@999872768,999873023,2707908352,2707908607,0,65535,0,65535,0,255,690
@811529984,811530239,2465799168,2465799423,0,65535,0,65535,0,255,693
@2306450176,2306450431,1108563200,1108563455,0,65535,0,65535,0,255,710
@2306450176,2306450431,1108563712,1108563967,0,65535,0,65535,0,255,711
@4249936384,4249936639,1108563712,1108563967,0,65535,0,65535,0,255,714
@3463040256,3463040511,1722619648,1722619903,0,65535,0,65535,0,255,719
@3355344896,3355345151,3377479168,3377479423,0,65535,0,65535,0,255,727
@3353357312,3353357567,1813017344,1813017599,0,65535,0,65535,0,255,731
@2302020608,2302021631,3689228160,3689228223,0,65535,0,65535,0,255,736
@0,4294967295,392299776,392300031,0,65535,25,25,17,17,742
@0,4294967295,392299776,392300031,0,65535,80,80,17,17,743
@1847782400,1847782911,2784154112,2784154367,0,65535,0,65535,0,255,751
@956063744,956064255,1858661376,1858661631,0,65535,0,65535,0,255,753
@956102656,956103167,2707908352,2707908607,0,65535,0,65535,0,255,754
@999873024,999873535,779909120,779909375,0,65535,0,65535,0,255,755
@999873024,999873535,2707908352,2707908607,0,65535,0,65535,0,255,757
@810886144,810886655,2306434048,2306434303,0,65535,0,65535,0,255,758
@2655479808,2655480319,1254385920,1254386175,0,65535,0,65535,0,255,764
@2310226432,2310226943,2164935680,2164935935,0,65535,0,65535,0,255,765
@1847782400,1847783423,1722651904,1722652159,0,65535,0,65535,0,255,784
@1847779328,1847780351,1722651904,1722652159,0,65535,0,65535,0,255,786
@1847779328,1847780351,2703482624,2703482879,0,65535,0,65535,0,255,787
@2655571968,2655572991,1253777920,1253778175,0,65535,0,65535,0,255,789
@3438101504,3438102527,1893957120,1893957375,0,65535,0,65535,0,255,791
@3353357312,3353358335,3689233664,3689233919,0,65535,0,65535,0,255,792
@3438602240,3438602751,2004213760,2004214783,0,65535,0,65535,0,255,795
@999872512,999873535,814649344,814649855,0,65535,0,65535,0,255,797
@811466752,811532287,1850535168,1850535231,0,65535,0,65535,0,255,807
@2306408448,2306473983,3689227904,3689227967,0,65535,0,65535,0,255,808
@3469344768,3469410303,1885430208,1885430271,0,65535,0,65535,0,255,809
@956039168,956071935,1045396224,1045396351,0,65535,0,65535,0,255,811
@2655518720,2655551487,2309235712,2309235967,0,65535,0,65535,0,255,819
@3469344768,3469377535,3689233664,3689233919,0,65535,0,65535,0,255,821
@1845624832,1845690367,948145152,948145407,0,65535,0,65535,0,255,850
@1845493760,1845559295,2784154112,2784154367,0,65535,0,65535,0,255,851
@1847721984,1847787519,2703449600,2703449855,0,65535,0,65535,0,255,852
@169279488,169345023,2703482624,2703482879,0,65535,0,65535,0,255,854
@999817216,999882751,1847770880,1847771135,0,65535,0,65535,0,255,855
@810876928,810942463,956102912,956103167,0,65535,0,65535,0,255,857
@811466752,811532287,2664490752,2664491007,0,65535,0,65535,0,255,859
@811466752,811532287,2653637120,2653637375,0,65535,0,65535,0,255,860
@2655453184,2655518719,1254386176,1254386431,0,65535,0,65535,0,255,863
@2655453184,2655518719,1108595968,1108596223,0,65535,0,65535,0,255,864
@2655453184,2655518719,2465799168,2465799423,0,65535,0,65535,0,255,865
@2306408448,2306473983,2565813504,2565813759,0,65535,0,65535,0,255,869
@3353346048,3353411583,1855125504,1855125759,0,65535,0,65535,0,255,872
@3353346048,3353411583,1858661376,1858661631,0,65535,0,65535,0,255,873
@3338698752,3338731519,1760973824,1760974335,0,65535,0,65535,0,255,874
@1845633024,1845633535,2778267648,2778333183,0,65535,0,65535,0,255,875
@999872512,999873535,2365390848,2365456383,0,65535,0,65535,0,255,885
@0,4294967295,392299776,392300031,0,65535,0,65535,1,1,891
@956071936,956104703,599195648,599261183,0,65535,0,65535,0,255,892
@3175120896,3175153663,1415249920,1415315455,0,65535,0,65535,0,255,893
@0,4294967295,521361152,521361407,0,65535,0,65535,0,255,921
@0,4294967295,999841792,999842047,0,65535,0,65535,0,255,925
@0,4294967295,0,4294967295,0,65535,0,65535,0,255,937
#3,52
@811529742,811529742,779892224,779892479,53,53,0,65535,17,17,240
@811529742,811529742,779892224,779892479,25,25,0,65535,17,17,242
@3353388693,3353388693,1858600960,1858666495,109,110,0,65535,6,6,473
@2655480320,2655480831,3689251584,3689251839,0,65535,69,69,6,6,482
@1847779529,1847779529,0,4294967295,161,161,0,65535,6,6,536
@999872569,999872569,0,4294967295,0,65535,514,514,17,17,558
@1850494976,1850495487,3689250816,3689251839,0,65535,0,65535,6,6,586
@2655571968,2655572991,2565813248,2565813759,0,65535,0,65535,6,6,590
@811531520,811531775,2565603328,2565668863,0,65535,0,65535,6,6,656
@2655480064,2655480319,0,4294967295,0,65535,514,514,6,6,660
@3463040256,3463040511,0,4294967295,0,65535,8875,8875,17,17,670
@3338717440,3338717695,0,4294967295,0,65535,113,113,17,17,671
@3355362304,3355362559,0,4294967295,0,65535,514,514,17,17,672
@811529984,811530239,779892224,779892479,0,65535,0,65535,0,255,694
@811531520,811531775,1850535168,1850535423,0,65535,0,65535,0,255,696
@2302021120,2302021375,3689228032,3689228287,0,65535,0,65535,0,255,708
@4201365248,4201365503,2058375680,2058375935,0,65535,0,65535,0,255,715
@3353388800,3353389055,1858629888,1858630143,0,65535,0,65535,0,255,733
@2306450176,2306450431,1108541440,1108606975,0,65535,0,65535,6,6,747
@3353388032,3353388543,1858600960,1858666495,0,65535,0,65535,6,6,748
@3438101504,3438101759,1893957120,1893957631,0,65535,0,65535,0,255,775
@3353357824,3353358335,0,4294967295,0,65535,80,80,17,17,779
@811529984,811530239,1850534912,1850535935,0,65535,0,65535,0,255,782
@2306436096,2306437119,1108596224,1108596479,0,65535,0,65535,0,255,790
@1879058944,1879059455,948145152,948146175,0,65535,0,65535,0,255,793
@811531776,811532287,2565635072,2565636095,0,65535,0,65535,0,255,794
@176526336,176527359,447790592,447791103,0,65535,0,65535,0,255,796
@1889211136,1889211391,1850474496,1850540031,0,65535,0,65535,0,255,825
@1847779584,1847779839,2703425536,2703491071,0,65535,0,65535,0,255,827
@956102656,956102911,2707881984,2707947519,0,65535,0,65535,0,255,828
@999872768,999873023,2707881984,2707947519,0,65535,0,65535,0,255,829
@811529984,811530239,2465792000,2465857535,0,65535,0,65535,0,255,832
@811531520,811531775,2653618176,2653683711,0,65535,0,65535,0,255,834
@4201365248,4201365503,1108541440,1108606975,0,65535,0,65535,0,255,840
@3353357312,3353357567,1812987904,1813053439,0,65535,0,65535,0,255,847
@3353390592,3353390847,2565799936,2565865471,0,65535,0,65535,0,255,848
@1847782400,1847782911,2784100352,2784165887,0,65535,0,65535,0,255,876
@2310210560,2310211071,1108541440,1108606975,0,65535,0,65535,0,255,879
@180123648,180124671,2707881984,2707947519,0,65535,0,65535,0,255,883
@2306436096,2306437119,3689218048,3689283583,0,65535,0,65535,0,255,888
@811531406,811531406,0,4294967295,0,65535,0,65535,0,255,895
@2306449408,2306449919,0,4294967295,0,65535,0,65535,1,1,897
@3338717440,3338717695,0,4294967295,0,65535,0,65535,47,47,899
@811531456,811531519,0,4294967295,0,65535,0,65535,0,255,905
@1847783168,1847783423,0,4294967295,0,65535,0,65535,0,255,911
@810886400,810886655,0,4294967295,0,65535,0,65535,0,255,915
@810915840,810916095,0,4294967295,0,65535,0,65535,0,255,916
@3463000576,3463000831,0,4294967295,0,65535,0,65535,0,255,919
@1845494272,1845494783,0,4294967295,0,65535,0,65535,0,255,927
@999873024,999873535,0,4294967295,0,65535,0,65535,0,255,928
@3343450112,3343515647,0,4294967295,0,65535,0,65535,0,255,934
@0,4294967295,0,4294967295,0,65535,0,65535,0,255,937
#4,20
@3355312128,3355377663,2565799936,2565865471,0,65535,514,514,17,17,573
@999872768,999873023,0,4294967295,0,65535,80,80,17,17,666
@811531520,811531775,0,4294967295,0,65535,514,514,6,6,667
@811531520,811531775,0,4294967295,0,65535,80,80,17,17,668
@3353390592,3353390847,0,4294967295,0,65535,9003,9003,17,17,673
@1889210880,1889211391,1850535168,1850535423,0,65535,0,65535,0,255,749
@811529984,811530239,1850474496,1850540031,0,65535,0,65535,0,255,833
@2306450176,2306450431,1108541440,1108606975,0,65535,0,65535,0,255,838
@3438101504,3438101759,1893924864,1893990399,0,65535,0,65535,0,255,842
@3353388800,3353389055,1858600960,1858666495,0,65535,0,65535,0,255,849
@2655518720,2655584255,3689251584,3689251839,0,65535,0,65535,0,255,862
@2310209536,2310275071,1108596224,1108596479,0,65535,0,65535,0,255,867
@3463000576,3463001087,2565799936,2565865471,0,65535,0,65535,0,255,881
@1879058432,1879059455,4208984064,4209049599,0,65535,0,65535,0,255,882
@811529742,811529742,0,4294967295,0,65535,0,65535,0,255,894
@1847779584,1847779839,0,4294967295,0,65535,0,65535,0,255,912
@956102656,956102911,0,4294967295,0,65535,0,65535,0,255,913
@3353357312,3353357567,0,4294967295,0,65535,0,65535,0,255,920
@811531776,811532287,0,4294967295,0,65535,0,65535,0,255,929
@0,4294967295,0,4294967295,0,65535,0,65535,0,255,937
#5,13
@0,4294967295,447790837,447790837,0,65535,69,69,17,17,548
@999872512,999873535,1045396224,1045396479,0,65535,0,65535,1,1,574
@0,4294967295,447944320,447944383,0,65535,80,80,6,6,605
@0,4294967295,392299776,392300031,1098,1098,0,65535,17,17,741
@3438101504,3438102015,3689218048,3689283583,0,65535,0,65535,47,47,777
@811531520,811531775,2565603328,2565668863,0,65535,0,65535,0,255,835
@999817216,999882751,2707908352,2707908607,0,65535,0,65535,0,255,856
@811466752,811532287,1850535168,1850535423,0,65535,0,65535,0,255,858
@2306408448,2306473983,1108563200,1108563455,0,65535,0,65535,0,255,868
@3353346048,3353411583,1813017344,1813017599,0,65535,0,65535,0,255,871
@956102656,956103167,1847721984,1847787519,0,65535,0,65535,0,255,878
@3353346048,3353411583,1855062016,1855127551,0,65535,0,65535,0,255,902
@0,4294967295,0,4294967295,0,65535,0,65535,0,255,937
#6,8
@3353388800,3353389055,0,4294967295,0,65535,5510,5510,6,6,661
@0,4294967295,447790592,447790847,0,65535,524,524,17,17,744
@3463000576,3463001087,0,4294967295,0,65535,1646,1646,17,17,778
@0,4294967295,0,4294967295,0,65535,69,69,6,6,907
@0,4294967295,0,4294967295,0,65535,514,514,17,17,908
@0,4294967295,0,4294967295,0,65535,53,53,17,17,909
@0,4294967295,0,4294967295,0,65535,25,25,17,17,910
@0,4294967295,0,4294967295,0,65535,0,65535,0,255,937
#7,7
@999872512,999873535,2707881984,2707947519,0,65535,0,65535,0,255,884
@811466752,811532287,1850534912,1850535935,0,65535,0,65535,0,255,889
@0,4294967295,447944192,447944447,0,65535,0,65535,0,255,922
@0,4294967295,447790592,447790847,0,65535,0,65535,0,255,923
@0,4294967295,1045396224,1045396479,0,65535,0,65535,0,255,924
@0,4294967295,392298496,392364031,0,65535,0,65535,0,255,933
@0,4294967295,0,4294967295,0,65535,0,65535,0,255,937
#8,5
@999872768,999873023,0,4294967295,0,65535,0,65535,0,255,914
@811531520,811531775,0,4294967295,0,65535,0,65535,0,255,917
@3438101504,3438102015,0,4294967295,0,65535,0,65535,0,255,930
@3353346048,3353411583,0,4294967295,0,65535,0,65535,0,255,935
@0,4294967295,0,4294967295,0,65535,0,65535,0,255,937
#9,2
@0,4294967295,1045395968,1045396479,0,65535,0,65535,0,255,931
@0,4294967295,0,4294967295,0,65535,0,65535,0,255,937
#10,2
@0,4294967295,0,4294967295,0,65535,0,65535,1,1,936
@0,4294967295,0,4294967295,0,65535,0,65535,0,255,937
