#0,59
@3199970538,3199970538,3852713928,3852713928,0,65535,113,113,6,6,0
@4172552366,4172552366,3199970402,3199970402,0,65535,69,69,17,17,2
@4172573070,4172573070,319542094,319542094,0,65535,69,69,17,17,3
@4172570626,4172570626,3199970402,3199970402,0,65535,69,69,17,17,4
@3196977147,3196977147,2947888530,2947888530,0,65535,514,514,6,6,5
@3199970538,3199970538,3852713928,3852713928,0,65535,80,80,17,17,6
@3199970538,3199970538,2947927636,2947927636,0,65535,80,80,6,6,7
@3199970538,3199970538,523917865,523917865,0,65535,7777,7777,17,17,8
@3199970538,3199970538,3852713928,3852713928,0,65535,69,69,17,17,9
@3199970538,3199970538,3199970402,3199970402,0,65535,80,80,17,17,10
@527762983,527762983,3912707845,3912707845,0,65535,9003,9003,6,6,11
@527762983,527762983,3912705414,3912705414,0,65535,53,53,17,17,12
@172987642,172987642,1235313916,1235313916,0,65535,69,69,17,17,13
@122142283,122142283,523917865,523917865,0,65535,143,143,17,17,14
@107670864,107670864,3852713928,3852713928,0,65535,53,53,17,17,15
@107670864,107670864,3852713928,3852713928,0,65535,25,25,17,17,16
@3199970536,3199970537,484041361,484041361,0,65535,1433,1433,6,6,17
@3976056000,3976056063,3912705500,3912705500,0,65535,514,514,17,17,18
@3975952716,3975952716,3852713728,3852713983,5632,5632,0,65535,17,17,19
@1614216256,1614216256,3467812608,3467812863,5632,5632,0,65535,17,17,24
@3975950848,3975951103,1235313761,1235313761,0,65535,25,25,17,17,25
@3196977147,3196977147,455831296,455831551,1645,1646,0,65535,6,6,28
@4172606036,4172606036,148964913,148964913,0,65535,1024,65535,17,17,29
@4172606013,4172606013,217401789,217401789,0,65535,1024,65535,17,17,30
@3196919431,3196919431,455831438,455831438,0,65535,1024,65535,17,17,31
@3199970538,3199970538,484041461,484041461,0,65535,1024,65535,17,17,32
@3199970538,3199970538,3852713928,3852713928,0,65535,1024,65535,17,17,33
@527774225,527774225,325682260,325682260,0,65535,1024,65535,17,17,35
@1608157184,1608157695,3279196672,3279196927,0,65535,80,80,6,6,37
@1036779520,1036845055,4153390524,4153390524,0,65535,139,139,17,17,38
@1034506752,1034507263,4153368320,4153368575,0,65535,514,514,6,6,39
@1603141632,1603272703,3279196760,3279196767,0,65535,53,53,6,6,41
@1608127187,1608127187,0,4294967295,137,137,0,65535,6,6,45
@1504039936,1504040191,523917824,523918079,0,65535,0,65535,1,1,46
@508250092,508250092,217317376,217382911,1024,65535,0,65535,17,17,47
@3199970560,3199970815,3852713928,3852713928,0,65535,0,65535,0,255,52
@181075301,181075301,0,4294967295,1433,1433,0,65535,17,17,53
@1590702976,1590702991,1520825280,1520825343,0,65535,0,65535,0,255,55
@3196919520,3196919535,325682176,325682431,0,65535,0,65535,0,255,57
@216735232,216735487,3852713936,3852713951,0,65535,0,65535,0,255,58
@3199970432,3199970495,2947888384,2947888639,0,65535,0,65535,0,255,60
@1614318592,1614319615,3467786544,3467786559,0,65535,0,65535,0,255,61
@1504018176,1504018431,3279196864,3279196927,0,65535,0,65535,0,255,62
@1504044800,1504045055,3279196800,3279196927,0,65535,0,65535,0,255,64
@3976062720,3976062975,1235313664,1235313919,0,65535,0,65535,0,255,69
@4175217408,4175217663,1235313664,1235313919,0,65535,0,65535,0,255,70
@4175226624,4175226879,24812032,24812287,0,65535,0,65535,0,255,71
@3196974080,3196974335,459754496,459754751,0,65535,0,65535,0,255,72
@3199970560,3199970815,523917824,523918079,0,65535,0,65535,0,255,73
@1602581504,1602581759,3279196672,3279196927,0,65535,0,65535,0,255,74
@181015040,181015295,1235313664,1235313919,0,65535,0,65535,0,255,76
@1027840000,1027841023,4153344064,4153344127,0,65535,0,65535,0,255,79
@1504010752,1504011007,0,4294967295,0,65535,9003,9003,17,17,80
@527763200,527763455,0,4294967295,0,65535,1433,1433,6,6,81
@1504014336,1504014847,1235313664,1235313919,0,65535,0,65535,0,255,84
@1504040960,1504041471,3279196672,3279196927,0,65535,0,65535,0,255,85
@216727552,216728063,3852713728,3852713983,0,65535,0,65535,0,255,86
@1504044288,1504044543,523894784,523960319,0,65535,0,65535,0,255,91
@0,4294967295,0,4294967295,0,65535,0,65535,0,255,99
#1,25
@3199970538,3199970538,3852713928,3852713928,53,53,0,65535,6,6,1
@3199970538,3199970538,3199970304,3199970559,161,161,0,65535,17,17,21
@4172605952,4172606207,4153390509,4153390509,0,65535,25,25,17,17,26
@527774208,527774463,4153390509,4153390509,0,65535,80,80,17,17,27
@3199970538,3199970538,523917865,523917865,0,65535,1024,65535,17,17,34
@3976055808,3976056063,1235313664,1235313919,0,65535,69,69,17,17,36
@527762944,527763455,459754496,459754751,0,65535,53,53,17,17,40
@0,4294967295,1573926234,1573926234,25,25,0,65535,6,6,42
@0,4294967295,3034390711,3034390711,5550,5550,0,65535,6,6,43
@1608122368,1608187903,3279196759,3279196759,0,65535,1024,65535,17,17,44
@0,4294967295,1440999649,1440999649,161,161,0,65535,6,6,48
@0,4294967295,1120598484,1120598484,5500,5500,0,65535,17,17,49
@0,4294967295,2847038209,2847038209,0,65535,80,80,17,17,50
@0,4294967295,3194208602,3194208602,0,65535,514,514,6,6,51
@3199970304,3199970815,3852713936,3852713951,0,65535,0,65535,0,255,59
@0,4294967295,3188729088,3188729343,0,65535,119,119,17,17,67
@3196974080,3196975103,484041408,484041471,0,65535,0,65535,0,255,78
@0,4294967295,3188778240,3188778495,500,500,0,65535,6,6,82
@3975952384,3975952895,3201156864,3201157119,0,65535,0,65535,0,255,83
@4172546048,4172578815,217355776,217356031,0,65535,0,65535,0,255,87
@527761408,527794175,3912707840,3912708095,0,65535,0,65535,0,255,88
@0,4294967295,3194191360,3194191615,0,65535,0,65535,0,255,96
@0,4294967295,3491698944,3491699199,0,65535,0,65535,0,255,97
@0,4294967295,3727144704,3727144959,0,65535,0,65535,0,255,98
@0,4294967295,0,4294967295,0,65535,0,65535,0,255,99
#2,10
@3199970538,3199970538,3852713728,3852713983,22,22,0,65535,6,6,20
@3199970538,3199970538,3852713728,3852713983,5540,5540,0,65535,17,17,22
@3199970538,3199970538,523917824,523918079,5540,5540,0,65535,6,6,23
@107670784,107671039,523917824,523917887,0,65535,0,65535,0,255,63
@107670784,107671039,3852713856,3852713983,0,65535,0,65535,0,255,65
@527774208,527774463,523917824,523918079,0,65535,0,65535,0,255,75
@216727552,216760319,3852713728,3852713983,0,65535,0,65535,0,255,89
@3199970560,3199970815,523894784,523960319,0,65535,0,65535,0,255,90
@3196919296,3196919551,0,4294967295,0,65535,0,65535,0,255,94
@0,4294967295,0,4294967295,0,65535,0,65535,0,255,99
#3,5
@3199970304,3199970815,3034390528,3034390783,0,65535,0,65535,6,6,54
@0,4294967295,1120598272,1120598527,0,65535,113,113,17,17,66
@0,4294967295,3201156864,3201157119,0,65535,80,80,17,17,68
@107670784,107671039,3852713728,3852713983,0,65535,0,65535,0,255,77
@0,4294967295,0,4294967295,0,65535,0,65535,0,255,99
#4,3
@3199970304,3199971327,3201156608,3201157119,0,65535,0,65535,6,6,56
@107670784,107671039,3852664832,3852730367,0,65535,0,65535,0,255,92
@0,4294967295,0,4294967295,0,65535,0,65535,0,255,99
#5,2
@107670784,107671039,0,4294967295,0,65535,0,65535,0,255,95
@0,4294967295,0,4294967295,0,65535,0,65535,0,255,99
#6,2
@107610112,107675647,3852713728,3852713983,0,65535,0,65535,0,255,93
@0,4294967295,0,4294967295,0,65535,0,65535,0,255,99
